667d386490274f58e4a09ee7d5ec9c9d7b47f7e3ba31c12d7e8bd2202eac2cce
Der Verstärker ist nicht dabei...
30000 220
30001 107
30002 220
30003 364
30004 416
30005 122
30006 147
30007 102
30008 149
30009 145
30010 340
30011 220
30012 192
30013 296
30014 147
30015 150
30016 160
30017 188
30018 188
30019 145
30020 119
30021 177
30022 220
30023 220
30024 181
30025 346
30026 220
30027 116
30028 549
30029 148
30030 187
30031 320
30032 346
30033 240
30034 220
30035 169
30036 224
30037 145
30038 374
30039 146
30040 91
30041 261
30042 148
30043 298
30044 147
30045 401
30046 668
30047 153
30048 238
30049 338
30050 121
30051 141
30052 307
30053 409
30054 374
30055 226
30056 280
30057 220
30058 169
30059 146
30060 146
30061 191
30062 112
30063 146
30064 151
30065 181
30066 289
30067 144
30068 372
30069 145
30070 106
30071 150
30072 152
30073 103
30074 183
30075 145
30076 409
30077 146
30078 258
30079 149
30080 299
30081 144
30082 314
30083 491
30084 149
30085 108
30086 182
30087 117
30088 123
30089 145
30090 152
30091 183
30092 145
30093 147
30094 107
30095 189
30096 148
30097 245
30098 147
30099 220
30100 220
30101 150
30102 148
30103 106
30104 135
30105 340
30106 220
30107 259
30108 147
30109 130
30110 155
30111 374
30112 144
30113 146
30114 111
30115 394
30116 108
30117 114
30118 186
30119 220
30120 109
30121 267
30122 148
30123 156
30124 301
30125 345
30126 185
30127 145
30128 360
30129 178
30130 182
30131 119
30132 146
30133 149
30134 145
30135 147
30136 152
30137 225
30138 285
30139 155
30140 337
30141 145
30142 239
30143 181
30144 145
30145 302
30146 146
30147 189
30148 337
30149 253
30150 307
30151 135
30152 650
30153 109
30154 183
30155 194
30156 147
30157 153
30158 299
30159 146
30160 147
30161 183
30162 234
30163 184
30164 348
30165 161
30166 108
30167 101
30168 259
30169 291
30170 490
30171 107
30172 334
30173 662
30174 220
30175 147
30176 220
30177 145
30178 184
30179 202
30180 142
30181 246
30182 220
30183 144
30184 305
30185 247
30186 222
30187 106
30188 145
30189 146
30190 108
30191 182
30192 449
30193 153
30194 182
30195 213
30196 183
30197 149
30198 261
30199 299
30200 195
30201 472
30202 31
30203 151
30204 152
30205 114
30206 149
30207 299
30208 183
30209 146
30210 151
30211 110
30212 187
30213 336
30214 414
30215 374
30216 147
30217 150
30218 183
30219 233
30220 114
30221 188
30222 110
30223 147
30224 147
30225 183
30226 153
30227 222
30228 152
30229 144
30230 306
30231 258
30232 113
30233 160
30234 183
30235 145
30236 181
30237 160
30238 151
30239 114
30240 538
30241 374
30242 146
30243 107
30244 178
30245 113
30246 225
30247 241
30248 155
30249 160
30250 144
30251 229
30252 183
30253 476
30254 157
30255 190
30256 146
30257 222
30258 304
30259 221
30260 182
30261 144
30262 647
30263 145
30264 298
30265 157
30266 223
30267 511
30268 341
30269 151
30270 220
30271 341
30272 109
30273 145
30274 299
30275 266
30276 316
30277 112
30278 145
30279 1136
30280 182
30281 148
30282 413
30283 160
30284 148
30285 265
30286 146
30287 145
30288 222
30289 375
30290 416
30291 298
30292 102
30293 258
30294 149
30295 505
30296 108
30297 106
30298 374
30299 220
30300 182
30301 186
30302 108
30303 471
30304 149
30305 578
30306 115
30307 146
30308 153
30309 190
30310 312
30311 144
30312 109
30313 374
30314 150
30315 140
30316 145
30317 145
30318 146
30319 344
30320 145
30321 221
30322 144
30323 108
30324 154
30325 153
30326 299
30327 132
30328 179
30329 150
30330 340
30331 221
30332 187
30333 222
30334 358
30335 147
30336 316
30337 412
30338 148
30339 302
30340 141
30341 220
30342 244
30343 303
30344 180
30345 453
30346 259
30347 149
30348 145
30349 136
30350 145
30351 145
30352 149
30353 316
30354 136
30355 314
30356 146
30357 258
30358 145
30359 210
30360 646
30361 115
30362 223
30363 145
30364 220
30365 146
30366 817
30367 224
30368 148
30369 464
30370 150
30371 220
30372 149
30373 110
30374 103
30375 97
30376 152
30377 112
30378 375
30379 183
30380 154
30381 316
30382 220
30383 108
30384 529
30385 237
30386 179
30387 114
30388 145
30389 258
30390 110
30391 134
30392 374
30393 143
30394 264
30395 115
30396 317
30397 185
30398 152
30399 152
30400 192
30401 151
30402 113
30403 132
30404 148
30405 187
30406 153
30407 225
30408 113
30409 149
30410 145
30411 152
30412 183
30413 192
30414 304
30415 149
30416 298
30417 117
30418 411
30419 374
30420 397
30421 151
30422 150
30423 377
30424 374
30425 402
30426 115
30427 296
30428 150
30429 258
30430 181
30431 258
30432 220
30433 441
30434 108
30435 244
30436 577
30437 140
30438 104
30439 145
30440 182
30441 108
30442 682
30443 183
30444 183
30445 412
30446 319
30447 111
30448 145
30449 220
30450 152
30451 372
30452 263
30453 337
30454 145
30455 146
30456 299
30457 249
30458 183
30459 144
30460 243
30461 148
30462 378
30463 383
30464 222
30465 114
30466 111
30467 145
30468 147
30469 145
30470 145
30471 220
30472 450
30473 220
30474 104
30475 151
30476 151
30477 108
30478 223
30479 566
30480 145
30481 159
30482 153
30483 207
30484 183
30485 301
30486 145
30487 197
30488 198
30489 83
30490 184
30491 147
30492 237
30493 300
30494 183
30495 148
30496 149
30497 105
30498 383
30499 145
30500 243
30501 178
30502 198
30503 145
30504 186
30505 338
30506 282
30507 146
30508 147
30509 220
30510 152
30511 259
30512 194
30513 182
30514 220
30515 147
30516 193
30517 185
30518 221
30519 301
30520 220
30521 151
30522 150
30523 153
30524 152
30525 116
30526 147
30527 256
30528 122
30529 186
30530 203
30531 146
30532 183
30533 183
30534 552
30535 146
30536 147
30537 145
30538 256
30539 109
30540 145
30541 189
30542 220
30543 149
30544 183
30545 374
30546 149
30547 226
30548 144
30549 181
30550 654
30551 220
30552 150
30553 184
30554 145
30555 220
30556 221
30557 374
30558 108
30559 146
30560 103
30561 302
30562 338
30563 198
30564 310
30565 146
30566 146
30567 143
30568 183
30569 415
30570 224
30571 147
30572 326
30573 113
30574 124
30575 550
30576 316
30577 264
30578 220
30579 147
30580 259
30581 98
30582 220
30583 138
30584 227
30585 183
30586 186
30587 117
30588 145
30589 148
30590 147
30591 199
30592 104
30593 145
30594 412
30595 183
30596 259
30597 313
30598 496
30599 111
30600 296
30601 209
30602 146
30603 205
30604 144
30605 146
30606 258
30607 145
30608 256
30609 190
30610 145
30611 258
30612 338
30613 154
30614 264
30615 109
30616 343
30617 298
30618 145
30619 300
30620 147
30621 149
30622 143
30623 146
30624 110
30625 150
30626 258
30627 145
30628 334
30629 300
30630 220
30631 354
30632 185
30633 147
30634 145
30635 110
30636 184
30637 144
30638 109
30639 160
30640 145
30641 138
30642 299
30643 188
30644 307
30645 377
30646 238
30647 221
30648 470
30649 188
30650 158
30651 187
30652 147
30653 568
30654 147
30655 259
30656 135
30657 496
30658 145
30659 279
30660 206
30661 151
30662 242
30663 258
30664 416
30665 154
30666 147
30667 494
30668 184
30669 183
30670 112
30671 146
30672 186
30673 148
30674 258
30675 155
30676 218
30677 147
30678 147
30679 220
30680 145
30681 149
30682 141
30683 379
30684 299
30685 145
30686 178
30687 146
30688 145
30689 189
30690 142
30691 146
30692 184
30693 338
30694 220
30695 150
30696 188
30697 145
30698 154
30699 149
30700 151
30701 151
30702 222
30703 222
30704 114
30705 222
30706 146
30707 113
30708 185
30709 145
30710 183
30711 188
30712 296
30713 220
30714 374
30715 336
30716 145
30717 694
30718 245
30719 284
30720 374
30721 117
30722 148
30723 492
30724 258
30725 116
30726 145
30727 318
30728 143
30729 105
30730 338
30731 193
30732 304
30733 354
30734 147
30735 147
30736 145
30737 191
30738 115
30739 183
30740 118
30741 144
30742 270
30743 145
30744 716
30745 335
30746 160
30747 124
30748 105
30749 531
30750 188
30751 185
30752 144
30753 200
30754 220
30755 150
30756 144
30757 149
30758 220
30759 145
30760 381
30761 109
30762 183
30763 470
30764 146
30765 184
30766 148
30767 144
30768 188
30769 183
30770 258
30771 301
30772 144
30773 152
30774 143
30775 413
30776 145
30777 560
30778 119
30779 181
30780 349
30781 148
30782 187
30783 142
30784 220
30785 178
30786 175
30787 103
30788 108
30789 374
30790 182
30791 108
30792 151
30793 258
30794 183
30795 108
30796 223
30797 188
30798 192
30799 156
30800 336
30801 144
30802 114
30803 145
30804 145
30805 114
30806 183
30807 258
30808 145
30809 109
30810 299
30811 123
30812 225
30813 141
30814 220
30815 146
30816 221
30817 140
30818 183
30819 183
30820 258
30821 220
30822 115
30823 220
30824 184
30825 218
30826 221
30827 199
30828 450
30829 153
30830 183
30831 513
30832 183
30833 161
30834 145
30835 221
30836 189
30837 220
30838 302
30839 101
30840 225
30841 145
30842 145
30843 119
30844 404
30845 145
30846 147
30847 274
30848 184
30849 151
30850 146
30851 540
30852 189
30853 183
30854 115
30855 113
30856 145
30857 145
30858 316
30859 145
30860 148
30861 342
30862 191
30863 152
30864 374
30865 154
30866 183
30867 183
30868 149
30869 108
30870 152
30871 410
30872 144
30873 192
30874 571
30875 145
30876 104
30877 146
30878 181
30879 113
30880 299
30881 302
30882 242
30883 145
30884 153
30885 186
30886 261
30887 204
30888 152
30889 193
30890 160
30891 453
30892 187
30893 413
30894 146
30895 151
30896 123
30897 145
30898 304
30899 146
30900 413
30901 702
30902 337
30903 258
30904 225
30905 152
30906 111
30907 144
30908 403
30909 114
30910 141
30911 146
30912 108
30913 519
30914 149
30915 393
30916 107
30917 151
30918 187
30919 339
30920 354
30921 146
30922 220
30923 221
30924 111
30925 354
30926 343
30927 149
30928 303
30929 185
30930 222
30931 502
30932 189
30933 107
30934 155
30935 259
30936 113
30937 299
30938 299
30939 107
30940 221
30941 107
30942 148
30943 154
30944 151
30945 185
30946 108
30947 220
30948 299
30949 221
30950 203
30951 344
30952 186
30953 419
30954 299
30955 183
30956 151
30957 180
30958 103
30959 195
30960 147
30961 143
30962 147
30963 153
30964 220
30965 303
30966 145
30967 147
30968 227
30969 571
30970 107
30971 188
30972 300
30973 425
30974 145
30975 110
30976 220
30977 393
30978 152
30979 150
30980 108
30981 148
30982 221
30983 184
30984 148
30985 143
30986 173
30987 233
30988 185
30989 196
30990 220
30991 225
30992 145
30993 209
30994 187
30995 114
30996 117
30997 188
30998 185
30999 301
31000 184
31001 187
31002 144
31003 192
31004 391
31005 145
31006 141
31007 152
31008 375
31009 152
31010 114
31011 160
31012 220
31013 304
31014 144
31015 154
31016 187
31017 470
31018 152
31019 113
31020 147
31021 150
31022 183
31023 220
31024 139
31025 183
31026 144
31027 192
31028 144
31029 150
31030 139
31031 452
31032 147
31033 288
31034 108
31035 145
31036 148
31037 252
31038 145
31039 184
31040 221
31041 146
31042 220
31043 111
31044 654
31045 147
31046 145
31047 337
31048 155
31049 412
31050 188
31051 185
31052 185
31053 221
31054 151
31055 143
31056 155
31057 150
31058 309
31059 189
31060 183
31061 147
31062 261
31063 188
31064 182
31065 220
31066 145
31067 150
31068 220
31069 220
31070 374
31071 114
31072 183
31073 145
31074 150
31075 220
31076 222
31077 258
31078 147
31079 145
31080 183
31081 299
31082 146
31083 158
31084 146
31085 144
31086 185
31087 220
31088 654
31089 152
31090 115
31091 108
31092 153
31093 151
31094 160
31095 145
31096 159
31097 146
31098 183
31099 183
31100 108
31101 184
31102 138
31103 188
31104 106
31105 183
31106 152
31107 172
31108 145
31109 145
31110 145
31111 221
31112 239
31113 188
31114 144
31115 220
31116 145
31117 220
31118 302
31119 148
31120 258
31121 178
31122 258
31123 161
31124 143
31125 145
31126 183
31127 146
31128 119
31129 258
31130 110
31131 191
31132 374
31133 107
31134 145
31135 183
31136 338
31137 145
31138 146
31139 108
31140 148
31141 117
31142 260
31143 107
31144 155
31145 186
31146 222
31147 146
31148 146
31149 110
31150 103
31151 145
31152 299
31153 182
31154 145
31155 114
31156 149
31157 146
31158 156
31159 108
31160 110
31161 145
31162 108
31163 108
31164 149
31165 145
31166 145
31167 158
31168 338
31169 314
31170 152
31171 150
31172 146
31173 499
31174 223
31175 128
31176 142
31177 161
31178 146
31179 378
31180 145
31181 348
31182 160
31183 220
31184 185
31185 146
31186 145
31187 146
31188 182
31189 452
31190 156
31191 160
31192 152
31193 147
31194 374
31195 137
31196 241
31197 152
31198 241
31199 146
31200 116
31201 149
31202 112
31203 157
31204 221
31205 417
31206 145
31207 145
31208 114
31209 467
31210 145
31211 417
31212 303
31213 208
31214 374
31215 146
31216 146
31217 146
31218 150
31219 337
31220 220
31221 142
31222 298
31223 181
31224 301
31225 418
31226 148
31227 437
31228 146
31229 146
31230 183
31231 220
31232 150
31233 98
31234 183
31235 101
31236 378
31237 296
31238 118
31239 147
31240 220
31241 258
31242 383
31243 220
31244 412
31245 302
31246 154
31247 195
31248 114
31249 106
31250 296
31251 160
31252 221
31253 145
31254 195
31255 108
31256 147
31257 104
31258 151
31259 352
31260 220
31261 153
31262 267
31263 114
31264 644
31265 258
31266 149
31267 145
31268 221
31269 183
31270 219
31271 460
31272 145
31273 147
31274 227
31275 148
31276 144
31277 352
31278 258
31279 299
31280 182
31281 817
31282 415
31283 220
31284 149
31285 183
31286 496
31287 187
31288 374
31289 146
31290 258
31291 157
31292 299
31293 144
31294 110
31295 141
31296 191
31297 378
31298 299
31299 149
31300 224
31301 183
31302 143
31303 145
31304 182
31305 187
31306 152
31307 186
31308 144
31309 147
31310 339
31311 105
31312 342
31313 189
31314 145
31315 145
31316 155
31317 109
31318 149
31319 221
31320 210
31321 108
31322 183
31323 180
31324 147
31325 145
31326 150
31327 154
31328 108
31329 183
31330 152
31331 151
31332 116
31333 141
31334 154
31335 206
31336 264
31337 412
31338 193
31339 152
31340 185
31341 220
31342 158
31343 109
31344 185
31345 258
31346 116
31347 183
31348 396
31349 146
31350 302
31351 145
31352 340
31353 243
31354 108
31355 225
31356 146
31357 188
31358 220
31359 145
31360 245
31361 109
31362 109
31363 139
31364 150
31365 116
31366 152
31367 145
31368 221
31369 312
31370 183
31371 147
31372 395
31373 146
31374 141
31375 171
31376 116
31377 146
31378 188
31379 108
31380 183
31381 145
31382 108
31383 301
31384 183
31385 259
31386 150
31387 155
31388 184
31389 152
31390 781
31391 780
31392 150
31393 114
31394 144
31395 284
31396 190
31397 301
31398 189
31399 182
31400 183
31401 258
31402 221
31403 150
31404 154
31405 194
31406 145
31407 147
31408 113
31409 182
31410 113
31411 184
31412 221
31413 232
31414 116
31415 188
31416 160
31417 150
31418 145
31419 149
31420 222
31421 160
31422 152
31423 299
31424 115
31425 145
31426 227
31427 111
31428 974
31429 300
31430 148
31431 220
31432 147
31433 125
31434 160
31435 146
31436 220
31437 185
31438 221
31439 144
31440 220
31441 108
31442 120
31443 455
31444 146
31445 145
31446 146
31447 183
31448 489
31449 183
31450 711
31451 187
31452 275
31453 152
31454 259
31455 299
31456 151
31457 116
31458 185
31459 227
31460 317
31461 1094
31462 412
31463 148
31464 183
31465 112
31466 142
31467 151
31468 144
31469 183
31470 256
31471 258
31472 178
31473 339
31474 109
31475 186
31476 149
31477 288
31478 397
31479 297
31480 220
31481 144
31482 108
31483 183
31484 221
31485 296
31486 220
31487 379
31488 152
31489 153
31490 306
31491 183
31492 108
31493 144
31494 172
31495 144
31496 130
31497 109
31498 280
31499 123
31500 366
31501 160
31502 109
31503 145
31504 664
31505 146
31506 183
31507 183
31508 198
31509 148
31510 147
31511 220
31512 183
31513 152
31514 413
31515 307
31516 392
31517 146
31518 348
31519 150
31520 317
31521 220
31522 145
31523 220
31524 135
31525 187
31526 149
31527 188
31528 112
31529 376
31530 183
31531 188
31532 148
31533 220
31534 339
31535 296
31536 108
31537 147
31538 181
31539 183
31540 146
31541 152
31542 377
31543 145
31544 644
31545 412
31546 299
31547 146
31548 183
31549 190
31550 144
31551 145
31552 151
31553 297
31554 338
31555 413
31556 137
31557 185
31558 163
31559 221
31560 147
31561 108
31562 108
31563 147
31564 148
31565 137
31566 153
31567 220
31568 105
31569 145
31570 374
31571 241
31572 151
31573 309
31574 138
31575 185
31576 150
31577 183
31578 180
31579 150
31580 614
31581 256
31582 184
31583 145
31584 240
31585 146
31586 116
31587 220
31588 183
31589 299
31590 308
31591 147
31592 147
31593 144
31594 188
31595 137
31596 339
31597 354
31598 337
31599 581
31600 306
31601 183
31602 182
31603 340
31604 118
31605 220
31606 307
31607 147
31608 183
31609 221
31610 148
31611 110
31612 147
31613 221
31614 110
31615 151
31616 313
31617 220
31618 220
31619 102
31620 182
31621 191
31622 184
31623 245
31624 258
31625 559
31626 316
31627 151
31628 105
31629 145
31630 220
31631 222
31632 146
31633 136
31634 125
31635 133
31636 189
31637 377
31638 332
31639 454
31640 168
31641 150
31642 183
31643 374
31644 169
31645 119
31646 148
31647 220
31648 198
31649 301
31650 186
31651 451
31652 151
31653 150
31654 186
31655 124
31656 144
31657 185
31658 145
31659 183
31660 258
31661 145
31662 221
31663 102
31664 188
31665 507
31666 154
31667 198
31668 112
31669 593
31670 124
31671 110
31672 145
31673 141
31674 152
31675 96
31676 190
31677 220
31678 145
31679 147
31680 135
31681 221
31682 100
31683 228
31684 302
31685 480
31686 145
31687 220
31688 185
31689 113
31690 212
31691 264
31692 186
31693 220
31694 152
31695 220
31696 145
31697 144
31698 149
31699 197
31700 508
31701 269
31702 139
31703 146
31704 150
31705 147
31706 300
31707 296
31708 123
31709 183
31710 156
31711 148
31712 304
31713 145
31714 196
31715 423
31716 432
31717 145
31718 139
31719 186
31720 342
31721 188
31722 145
31723 225
31724 258
31725 118
31726 374
31727 150
31728 183
31729 152
31730 468
31731 221
31732 220
31733 145
31734 225
31735 147
31736 144
31737 157
31738 183
31739 296
31740 356
31741 343
31742 147
31743 146
31744 147
31745 143
31746 167
31747 138
31748 143
31749 149
31750 202
31751 220
31752 183
31753 185
31754 184
31755 258
31756 145
31757 145
31758 337
31759 220
31760 179
31761 175
31762 145
31763 146
31764 157
31765 112
31766 282
31767 624
31768 454
31769 454
31770 557
31771 220
31772 198
31773 147
31774 341
31775 151
31776 152
31777 145
31778 218
31779 183
31780 220
31781 106
31782 167
31783 258
31784 112
31785 190
31786 183
31787 298
31788 174
31789 303
31790 143
31791 117
31792 109
31793 153
31794 410
31795 155
31796 220
31797 221
31798 221
31799 346
31800 311
31801 377
31802 197
31803 412
31804 147
31805 820
31806 184
31807 147
31808 183
31809 337
31810 185
31811 374
31812 221
31813 299
31814 183
31815 306
31816 142
31817 323
31818 134
31819 145
31820 280
31821 144
31822 103
31823 220
31824 183
31825 220
31826 155
31827 138
31828 145
31829 145
31830 108
31831 221
31832 186
31833 105
31834 108
31835 102
31836 188
31837 148
31838 108
31839 148
31840 222
31841 333
31842 220
31843 183
31844 152
31845 145
31846 117
31847 149
31848 151
31849 299
31850 317
31851 145
31852 220
31853 148
31854 188
31855 146
31856 147
31857 140
31858 301
31859 115
31860 244
31861 458
31862 454
31863 189
31864 104
31865 108
31866 145
31867 149
31868 145
31869 275
31870 303
31871 138
31872 145
31873 150
31874 176
31875 220
31876 220
31877 183
31878 221
31879 146
31880 183
31881 307
31882 296
31883 194
31884 150
31885 239
31886 145
31887 183
31888 300
31889 123
31890 220
31891 103
31892 344
31893 220
31894 262
31895 147
31896 299
31897 180
31898 628
31899 155
31900 145
31901 220
31902 183
31903 177
31904 114
31905 145
31906 149
31907 110
31908 145
31909 146
31910 143
31911 122
31912 189
31913 145
31914 151
31915 393
31916 183
31917 183
31918 161
31919 116
31920 188
31921 448
31922 220
31923 99
31924 187
31925 307
31926 147
31927 145
31928 146
31929 145
31930 308
31931 147
31932 450
31933 146
31934 185
31935 156
31936 337
31937 196
31938 109
31939 150
31940 115
31941 552
31942 240
31943 239
31944 425
31945 146
31946 302
31947 315
31948 175
31949 317
31950 147
31951 113
31952 148
31953 258
31954 330
31955 139
31956 188
31957 221
31958 148
31959 303
31960 574
31961 136
31962 110
31963 183
31964 178
31965 147
31966 341
31967 109
31968 182
31969 144
31970 186
31971 258
31972 148
31973 300
31974 229
31975 123
31976 220
31977 413
31978 152
31979 145
31980 220
31981 149
31982 146
31983 145
31984 204
31985 261
31986 220
31987 145
31988 116
31989 -20
31990 184
31991 176
31992 144
31993 106
31994 147
31995 316
31996 147
31997 258
31998 148
31999 259
32000 205
32001 146
32002 110
32003 278
32004 183
32005 141
32006 147
32007 426
32008 184
32009 489
32010 145
32011 375
32012 187
32013 157
32014 145
32015 113
32016 149
32017 218
32018 147
32019 138
32020 148
32021 183
32022 140
32023 243
32024 145
32025 220
32026 147
32027 258
32028 374
32029 118
32030 263
32031 189
32032 187
32033 493
32034 151
32035 183
32036 354
32037 149
32038 144
32039 301
32040 171
32041 192
32042 147
32043 108
32044 144
32045 183
32046 145
32047 146
32048 114
32049 126
32050 226
32051 153
32052 145
32053 185
32054 183
32055 569
32056 109
32057 151
32058 150
32059 530
32060 183
32061 147
32062 203
32063 183
32064 183
32065 149
32066 147
32067 194
32068 144
32069 225
32070 586
32071 183
32072 296
32073 147
32074 151
32075 220
32076 183
32077 109
32078 152
32079 377
32080 145
32081 251
32082 221
32083 188
32084 282
32085 117
32086 151
32087 119
32088 146
32089 303
32090 184
32091 149
32092 299
32093 147
32094 298
32095 374
32096 259
32097 154
32098 142
32099 150
32100 220
32101 298
32102 221
32103 146
32104 208
32105 182
32106 220
32107 183
32108 148
32109 198
32110 183
32111 478
32112 183
32113 189
32114 148
32115 314
32116 356
32117 211
32118 115
32119 399
32120 152
32121 145
32122 220
32123 138
32124 160
32125 147
32126 220
32127 311
32128 186
32129 148
32130 152
32131 613
32132 188
32133 108
32134 144
32135 119
32136 261
32137 186
32138 110
32139 148
32140 154
32141 134
32142 108
32143 111
32144 149
32145 119
32146 262
32147 111
32148 148
32149 148
32150 145
32151 220
32152 431
32153 395
32154 185
32155 109
32156 456
32157 186
32158 183
32159 301
32160 146
32161 345
32162 145
32163 336
32164 146
32165 145
32166 191
32167 300
32168 107
32169 154
32170 139
32171 411
32172 541
32173 150
32174 141
32175 147
32176 554
32177 153
32178 202
32179 150
32180 338
32181 145
32182 146
32183 397
32184 353
32185 320
32186 183
32187 147
32188 146
32189 183
32190 144
32191 309
32192 186
32193 145
32194 148
32195 144
32196 154
32197 223
32198 145
32199 154
32200 302
32201 535
32202 110
32203 146
32204 362
32205 314
32206 181
32207 455
32208 345
32209 147
32210 149
32211 155
32212 147
32213 242
32214 145
32215 727
32216 129
32217 116
32218 258
32219 233
32220 187
32221 107
32222 152
32223 188
32224 144
32225 159
32226 108
32227 183
32228 155
32229 182
32230 307
32231 145
32232 148
32233 303
32234 723
32235 141
32236 339
32237 181
32238 336
32239 179
32240 299
32241 372
32242 137
32243 374
32244 128
32245 610
32246 503
32247 202
32248 147
32249 109
32250 142
32251 148
32252 145
32253 185
32254 241
32255 104
32256 183
32257 123
32258 155
32259 149
32260 153
32261 221
32262 116
32263 374
32264 175
32265 108
32266 259
32267 491
32268 340
32269 220
32270 108
32271 182
32272 490
32273 161
32274 183
32275 175
32276 403
32277 148
32278 221
32279 108
32280 150
32281 450
32282 135
32283 148
32284 107
32285 374
32286 113
32287 149
32288 143
32289 397
32290 151
32291 397
32292 184
32293 258
32294 187
32295 302
32296 220
32297 265
32298 258
32299 258
32300 223
32301 220
32302 316
32303 308
32304 152
32305 147
32306 108
32307 151
32308 149
32309 190
32310 182
32311 146
32312 102
32313 107
32314 160
32315 143
32316 165
32317 104
32318 220
32319 220
32320 146
32321 146
32322 151
32323 148
32324 300
32325 470
32326 184
32327 608
32328 111
32329 194
32330 258
32331 147
32332 568
32333 146
32334 145
32335 148
32336 150
32337 317
32338 187
32339 256
32340 215
32341 145
32342 111
32343 348
32344 147
32345 220
32346 140
32347 316
32348 343
32349 132
32350 202
32351 150
32352 220
32353 151
32354 116
32355 341
32356 107
32357 143
32358 112
32359 145
32360 304
32361 759
32362 278
32363 145
32364 374
32365 109
32366 114
32367 183
32368 145
32369 183
32370 220
32371 152
32372 152
32373 295
32374 221
32375 183
32376 183
32377 107
32378 145
32379 145
32380 155
32381 226
32382 109
32383 220
32384 145
32385 145
32386 436
32387 299
32388 148
32389 151
32390 173
32391 344
32392 148
32393 147
32394 183
32395 157
32396 119
32397 344
32398 190
32399 355
32400 191
32401 162
32402 143
32403 183
32404 339
32405 160
32406 135
32407 220
32408 457
32409 183
32410 258
32411 366
32412 185
32413 151
32414 153
32415 149
32416 311
32417 183
32418 145
32419 364
32420 174
32421 153
32422 123
32423 145
32424 108
32425 102
32426 145
32427 221
32428 658
32429 220
32430 297
32431 295
32432 337
32433 183
32434 144
32435 194
32436 416
32437 139
32438 149
32439 145
32440 145
32441 413
32442 184
32443 146
32444 181
32445 113
32446 183
32447 154
32448 183
32449 146
32450 149
32451 227
32452 225
32453 138
32454 116
32455 139
32456 203
32457 377
32458 367
32459 229
32460 149
32461 190
32462 144
32463 220
32464 109
32465 104
32466 241
32467 278
32468 168
32469 106
32470 340
32471 154
32472 154
32473 221
32474 183
32475 110
32476 154
32477 151
32478 220
32479 147
32480 145
32481 540
32482 146
32483 191
32484 220
32485 186
32486 151
32487 179
32488 182
32489 415
32490 155
32491 952
32492 258
32493 270
32494 153
32495 145
32496 112
32497 224
32498 261
32499 150
32500 188
32501 147
32502 299
32503 149
32504 111
32505 131
32506 150
32507 154
32508 161
32509 222
32510 180
32511 221
32512 223
32513 118
32514 105
32515 334
32516 183
32517 221
32518 132
32519 258
32520 374
32521 375
32522 185
32523 156
32524 152
32525 220
32526 146
32527 145
32528 148
32529 153
32530 374
32531 145
32532 1224
32533 147
32534 183
32535 307
32536 134
32537 374
32538 1268
32539 339
32540 150
32541 258
32542 184
32543 227
32544 145
32545 141
32546 181
32547 222
32548 357
32549 396
32550 399
32551 108
32552 294
32553 220
32554 258
32555 115
32556 220
32557 220
32558 145
32559 234
32560 221
32561 146
32562 140
32563 150
32564 183
32565 374
32566 304
32567 181
32568 145
32569 108
32570 141
32571 152
32572 151
32573 150
32574 111
32575 339
32576 108
32577 184
32578 148
32579 145
32580 241
32581 433
32582 185
32583 103
32584 186
32585 146
32586 183
32587 149
32588 296
32589 181
32590 175
32591 196
32592 302
32593 227
32594 145
32595 220
32596 302
32597 201
32598 624
32599 191
32600 152
32601 112
32602 183
32603 107
32604 220
32605 149
32606 149
32607 183
32608 110
32609 623
32610 139
32611 143
32612 147
32613 303
32614 184
32615 354
32616 143
32617 338
32618 113
32619 145
32620 337
32621 199
32622 183
32623 143
32624 225
32625 160
32626 149
32627 145
32628 198
32629 191
32630 155
32631 150
32632 108
32633 148
32634 185
32635 117
32636 301
32637 146
32638 179
32639 338
32640 359
32641 302
32642 109
32643 225
32644 140
32645 183
32646 548
32647 109
32648 339
32649 412
32650 145
32651 148
32652 308
32653 144
32654 155
32655 156
32656 108
32657 183
32658 220
32659 110
32660 184
32661 279
32662 145
32663 145
32664 185
32665 705
32666 110
32667 183
32668 221
32669 344
32670 228
32671 225
32672 180
32673 183
32674 303
32675 220
32676 357
32677 145
32678 152
32679 145
32680 183
32681 396
32682 146
32683 147
32684 108
32685 147
32686 221
32687 496
32688 148
32689 374
32690 149
32691 259
32692 157
32693 183
32694 134
32695 146
32696 148
32697 154
32698 188
32699 234
32700 151
32701 220
32702 152
32703 392
32704 220
32705 153
32706 374
32707 354
32708 249
32709 147
32710 99
32711 354
32712 146
32713 146
32714 110
32715 220
32716 154
32717 143
32718 333
32719 195
32720 142
32721 103
32722 379
32723 220
32724 285
32725 108
32726 146
32727 152
32728 342
32729 141
32730 141
32731 146
32732 145
32733 187
32734 920
32735 296
32736 304
32737 145
32738 258
32739 184
32740 221
32741 198
32742 183
32743 781
32744 191
32745 147
32746 154
32747 139
32748 251
32749 289
32750 140
32751 337
32752 145
32753 470
32754 152
32755 198
32756 148
32757 274
32758 302
32759 148
32760 175
32761 290
32762 148
32763 412
32764 412
32765 192
32766 146
32767 140
32768 148
32769 201
32770 109
32771 115
32772 143
32773 110
32774 768
32775 145
32776 473
32777 147
32778 395
32779 146
32780 108
32781 221
32782 183
32783 160
32784 145
32785 154
32786 213
32787 220
32788 147
32789 1273
32790 146
32791 146
32792 220
32793 150
32794 615
32795 220
32796 433
32797 145
32798 374
32799 298
32800 374
32801 144
32802 148
32803 256
32804 144
32805 220
32806 114
32807 220
32808 220
32809 147
32810 145
32811 154
32812 256
32813 129
32814 258
32815 154
32816 763
32817 105
32818 298
32819 304
32820 152
32821 140
32822 220
32823 434
32824 153
32825 220
32826 148
32827 108
32828 113
32829 160
32830 220
32831 259
32832 151
32833 148
32834 453
32835 146
32836 145
32837 147
32838 258
32839 221
32840 778
32841 220
32842 184
32843 470
32844 183
32845 145
32846 184
32847 138
32848 147
32849 161
32850 151
32851 226
32852 142
32853 115
32854 238
32855 145
32856 339
32857 190
32858 189
32859 304
32860 374
32861 337
32862 374
32863 374
32864 357
32865 226
32866 145
32867 148
32868 146
32869 147
32870 246
32871 299
32872 142
32873 184
32874 145
32875 149
32876 107
32877 280
32878 151
32879 183
32880 146
32881 185
32882 111
32883 366
32884 183
32885 147
32886 183
32887 183
32888 157
32889 193
32890 153
32891 109
32892 224
32893 374
32894 194
32895 166
32896 149
32897 150
32898 259
32899 147
32900 353
32901 183
32902 149
32903 144
32904 110
32905 535
32906 142
32907 147
32908 185
32909 109
32910 107
32911 145
32912 248
32913 304
32914 123
32915 160
32916 183
32917 453
32918 107
32919 145
32920 147
32921 234
32922 304
32923 129
32924 224
32925 263
32926 155
32927 805
32928 185
32929 146
32930 183
32931 150
32932 151
32933 160
32934 376
32935 186
32936 149
32937 303
32938 337
32939 160
32940 141
32941 231
32942 185
32943 300
32944 194
32945 146
32946 220
32947 204
32948 184
32949 321
32950 147
32951 186
32952 199
32953 664
32954 121
32955 108
32956 187
32957 133
32958 147
32959 182
32960 145
32961 404
32962 108
32963 147
32964 299
32965 110
32966 140
32967 147
32968 108
32969 147
32970 221
32971 108
32972 144
32973 142
32974 299
32975 373
32976 183
32977 118
32978 153
32979 456
32980 148
32981 110
32982 152
32983 199
32984 160
32985 200
32986 259
32987 145
32988 146
32989 339
32990 151
32991 453
32992 191
32993 989
32994 278
32995 145
32996 144
32997 160
32998 183
32999 220
33000 374
33001 153
33002 204
33003 415
33004 220
33005 220
33006 187
33007 280
33008 221
33009 109
33010 183
33011 145
33012 220
33013 113
33014 145
33015 187
33016 110
33017 259
33018 145
33019 110
33020 156
33021 108
33022 143
33023 147
33024 516
33025 220
33026 111
33027 146
33028 118
33029 146
33030 153
33031 355
33032 220
33033 374
33034 106
33035 190
33036 145
33037 151
33038 153
33039 145
33040 221
33041 221
33042 141
33043 246
33044 222
33045 296
33046 145
33047 123
33048 221
33049 112
33050 183
33051 108
33052 107
33053 183
33054 169
33055 221
33056 144
33057 437
33058 327
33059 150
33060 148
33061 415
33062 220
33063 200
33064 150
33065 220
33066 117
33067 141
33068 171
33069 111
33070 187
33071 143
33072 146
33073 158
33074 220
33075 145
33076 142
33077 191
33078 552
33079 144
33080 107
33081 199
33082 147
33083 151
33084 100
33085 145
33086 246
33087 183
33088 162
33089 437
33090 160
33091 503
33092 277
33093 258
33094 186
33095 258
33096 149
33097 101
33098 152
33099 141
33100 108
33101 152
33102 185
33103 183
33104 180
33105 148
33106 283
33107 110
33108 117
33109 190
33110 338
33111 626
33112 157
33113 243
33114 148
33115 186
33116 185
33117 145
33118 221
33119 146
33120 145
33121 376
33122 150
33123 148
33124 374
33125 184
33126 146
33127 146
33128 220
33129 299
33130 184
33131 557
33132 220
33133 146
33134 185
33135 302
33136 220
33137 183
33138 145
33139 148
33140 299
33141 220
33142 223
33143 200
33144 315
33145 153
33146 147
33147 143
33148 147
33149 228
33150 143
33151 222
33152 109
33153 299
33154 107
33155 155
33156 108
33157 160
33158 189
33159 105
33160 185
33161 108
33162 150
33163 145
33164 341
33165 146
33166 145
33167 184
33168 110
33169 108
33170 148
33171 161
33172 144
33173 375
33174 221
33175 148
33176 183
33177 144
33178 187
33179 133
33180 395
33181 154
33182 300
33183 145
33184 225
33185 220
33186 226
33187 225
33188 149
33189 145
33190 220
33191 149
33192 183
33193 145
33194 154
33195 145
33196 550
33197 111
33198 510
33199 149
33200 221
33201 342
33202 154
33203 107
33204 113
33205 303
33206 221
33207 183
33208 180
33209 220
33210 150
33211 151
33212 220
33213 222
33214 220
33215 152
33216 111
33217 222
33218 270
33219 220
33220 153
33221 109
33222 342
33223 147
33224 183
33225 124
33226 184
33227 116
33228 220
33229 186
33230 186
33231 150
33232 146
33233 140
33234 528
33235 145
33236 259
33237 113
33238 369
33239 184
33240 114
33241 330
33242 374
33243 220
33244 149
33245 282
33246 147
33247 346
33248 184
33249 258
33250 346
33251 145
33252 305
33253 401
33254 145
33255 204
33256 113
33257 144
33258 164
33259 147
33260 144
33261 149
33262 453
33263 144
33264 145
33265 265
33266 145
33267 115
33268 145
33269 203
33270 243
33271 183
33272 339
33273 146
33274 103
33275 114
33276 147
33277 159
33278 299
33279 150
33280 145
33281 552
33282 149
33283 528
33284 146
33285 150
33286 198
33287 419
33288 248
33289 375
33290 145
33291 155
33292 343
33293 344
33294 220
33295 157
33296 106
33297 148
33298 145
33299 186
33300 108
33301 152
33302 220
33303 493
33304 304
33305 145
33306 183
33307 145
33308 145
33309 158
33310 374
33311 187
33312 172
33313 145
33314 451
33315 184
33316 168
33317 221
33318 144
33319 465
33320 149
33321 146
33322 495
33323 119
33324 137
33325 442
33326 111
33327 148
33328 302
33329 138
33330 220
33331 457
33332 179
33333 185
33334 107
33335 145
33336 172
33337 191
33338 374
33339 183
33340 223
33341 383
33342 278
33343 507
33344 338
33345 107
33346 183
33347 153
33348 529
33349 184
33350 108
33351 108
33352 104
33353 142
33354 148
33355 146
33356 156
33357 185
33358 145
33359 184
33360 108
33361 146
33362 220
33363 183
33364 140
33365 108
33366 357
33367 261
33368 151
33369 145
33370 259
33371 220
33372 152
33373 183
33374 262
33375 150
33376 184
33377 302
33378 378
33379 574
33380 119
33381 220
33382 221
33383 208
33384 145
33385 116
33386 258
33387 187
33388 139
33389 145
33390 299
33391 148
33392 357
33393 258
33394 299
33395 247
33396 145
33397 147
33398 112
33399 220
33400 235
33401 374
33402 377
33403 225
33404 150
33405 183
33406 446
33407 153
33408 112
33409 233
33410 185
33411 220
33412 145
33413 221
33414 145
33415 108
33416 146
33417 108
33418 137
33419 187
33420 306
33421 220
33422 305
33423 220
33424 258
33425 359
33426 338
33427 146
33428 393
33429 403
33430 723
33431 146
33432 342
33433 186
33434 109
33435 141
33436 151
33437 152
33438 183
33439 228
33440 119
33441 293
33442 412
33443 261
33444 258
33445 191
33446 443
33447 142
33448 154
33449 187
33450 145
33451 278
33452 145
33453 549
33454 221
33455 112
33456 450
33457 145
33458 220
33459 108
33460 305
33461 138
33462 220
33463 220
33464 161
33465 145
33466 258
33467 147
33468 144
33469 151
33470 108
33471 183
33472 183
33473 220
33474 225
33475 115
33476 220
33477 492
33478 258
33479 148
33480 145
33481 144
33482 145
33483 145
33484 145
33485 377
33486 375
33487 183
33488 186
33489 117
33490 190
33491 149
33492 222
33493 901
33494 220
33495 230
33496 292
33497 104
33498 169
33499 220
33500 185
33501 340
33502 299
33503 188
33504 220
33505 221
33506 183
33507 335
33508 151
33509 221
33510 137
33511 395
33512 146
33513 221
33514 185
33515 529
33516 379
33517 115
33518 285
33519 238
33520 113
33521 145
33522 259
33523 145
33524 146
33525 189
33526 141
33527 129
33528 220
33529 240
33530 183
33531 183
33532 845
33533 152
33534 152
33535 152
33536 149
33537 375
33538 151
33539 145
33540 147
33541 146
33542 397
33543 222
33544 227
33545 145
33546 158
33547 242
33548 108
33549 157
33550 258
33551 299
33552 493
33553 260
33554 183
33555 145
33556 136
33557 146
33558 149
33559 377
33560 399
33561 143
33562 183
33563 153
33564 149
33565 147
33566 152
33567 220
33568 145
33569 187
33570 183
33571 106
33572 147
33573 183
33574 184
33575 107
33576 147
33577 299
33578 99
33579 108
33580 185
33581 183
33582 184
33583 220
33584 145
33585 278
33586 152
33587 115
33588 258
33589 183
33590 189
33591 187
33592 185
33593 144
33594 147
33595 187
33596 305
33597 144
33598 519
33599 135
33600 183
33601 152
33602 152
33603 778
33604 144
33605 1168
33606 153
33607 186
33608 147
33609 187
33610 141
33611 227
33612 220
33613 245
33614 778
33615 374
33616 256
33617 220
33618 125
33619 513
33620 224
33621 374
33622 335
33623 115
33624 150
33625 165
33626 145
33627 307
33628 341
33629 150
33630 303
33631 144
33632 226
33633 141
33634 470
33635 220
33636 105
33637 258
33638 145
33639 537
33640 182
33641 607
33642 145
33643 144
33644 110
33645 258
33646 220
33647 164
33648 143
33649 396
33650 110
33651 233
33652 151
33653 268
33654 148
33655 110
33656 432
33657 262
33658 149
33659 223
33660 111
33661 222
33662 183
33663 108
33664 152
33665 165
33666 220
33667 150
33668 258
33669 311
33670 552
33671 219
33672 302
33673 221
33674 221
33675 190
33676 133
33677 258
33678 145
33679 383
33680 185
33681 146
33682 147
33683 149
33684 152
33685 145
33686 529
33687 148
33688 220
33689 220
33690 299
33691 187
33692 374
33693 258
33694 143
33695 168
33696 337
33697 306
33698 186
33699 100
33700 462
33701 278
33702 144
33703 108
33704 111
33705 374
33706 439
33707 152
33708 145
33709 186
33710 489
33711 107
33712 146
33713 183
33714 193
33715 108
33716 145
33717 145
33718 413
33719 147
33720 125
33721 146
33722 108
33723 301
33724 142
33725 357
33726 258
33727 150
33728 183
33729 302
33730 374
33731 108
33732 182
33733 108
33734 145
33735 181
33736 186
33737 147
33738 220
33739 183
33740 146
33741 188
33742 782
33743 377
33744 154
33745 152
33746 113
33747 221
33748 205
33749 261
33750 147
33751 154
33752 148
33753 220
33754 303
33755 320
33756 152
33757 147
33758 146
33759 145
33760 103
33761 148
33762 457
33763 223
33764 149
33765 149
33766 435
33767 159
33768 258
33769 146
33770 101
33771 337
33772 221
33773 183
33774 142
33775 314
33776 341
33777 188
33778 144
33779 113
33780 258
33781 261
33782 146
33783 220
33784 183
33785 183
33786 154
33787 183
33788 586
33789 143
33790 108
33791 304
33792 470
33793 299
33794 114
33795 149
33796 154
33797 148
33798 148
33799 111
33800 303
33801 187
33802 302
33803 145
33804 263
33805 149
33806 147
33807 154
33808 191
33809 114
33810 151
33811 150
33812 153
33813 89
33814 181
33815 346
33816 188
33817 183
33818 374
33819 433
33820 112
33821 259
33822 192
33823 113
33824 143
33825 148
33826 108
33827 375
33828 286
33829 148
33830 185
33831 418
33832 500
33833 148
33834 259
33835 105
33836 261
33837 393
33838 220
33839 145
33840 174
33841 235
33842 150
33843 220
33844 225
33845 144
33846 147
33847 258
33848 192
33849 226
33850 220
33851 145
33852 222
33853 137
33854 146
33855 144
33856 412
33857 106
33858 183
33859 227
33860 183
33861 149
33862 185
33863 189
33864 120
33865 298
33866 143
33867 145
33868 142
33869 339
33870 155
33871 185
33872 374
33873 471
33874 664
33875 190
33876 220
33877 106
33878 145
33879 258
33880 258
33881 500
33882 117
33883 108
33884 197
33885 179
33886 145
33887 145
33888 258
33889 149
33890 146
33891 354
33892 374
33893 204
33894 105
33895 219
33896 108
33897 116
33898 186
33899 220
33900 311
33901 145
33902 109
33903 342
33904 268
33905 183
33906 145
33907 142
33908 146
33909 300
33910 108
33911 147
33912 186
33913 150
33914 144
33915 254
33916 185
33917 111
33918 302
33919 378
33920 345
33921 179
33922 83
33923 154
33924 301
33925 150
33926 193
33927 264
33928 129
33929 194
33930 359
33931 260
33932 190
33933 171
33934 299
33935 314
33936 108
33937 158
33938 228
33939 194
33940 184
33941 221
33942 190
33943 153
33944 346
33945 145
33946 108
33947 220
33948 146
33949 220
33950 664
33951 146
33952 220
33953 109
33954 415
33955 146
33956 145
33957 217
33958 114
33959 113
33960 188
33961 147
33962 157
33963 146
33964 263
33965 145
33966 137
33967 109
33968 183
33969 145
33970 149
33971 145
33972 220
33973 220
33974 108
33975 306
33976 302
33977 142
33978 145
33979 144
33980 108
33981 150
33982 94
33983 153
33984 184
33985 188
33986 144
33987 153
33988 146
33989 258
33990 147
33991 188
33992 489
33993 113
33994 300
33995 150
33996 149
33997 137
33998 147
33999 147
34000 123
34001 119
34002 146
34003 147
34004 221
34005 303
34006 220
34007 176
34008 635
34009 108
34010 220
34011 152
34012 147
34013 241
34014 300
34015 156
34016 258
34017 112
34018 145
34019 185
34020 243
34021 221
34022 146
34023 109
34024 152
34025 151
34026 278
34027 412
34028 185
34029 457
34030 374
34031 145
34032 110
34033 422
34034 148
34035 177
34036 145
34037 149
34038 296
34039 145
34040 258
34041 163
34042 145
34043 145
34044 183
34045 183
34046 148
34047 220
34048 220
34049 145
34050 145
34051 221
34052 101
34053 192
34054 145
34055 145
34056 113
34057 144
34058 109
34059 147
34060 624
34061 108
34062 137
34063 259
34064 381
34065 95
34066 152
34067 143
34068 277
34069 258
34070 374
34071 149
34072 144
34073 141
34074 221
34075 668
34076 314
34077 108
34078 113
34079 198
34080 432
34081 283
34082 143
34083 128
34084 220
34085 108
34086 143
34087 203
34088 299
34089 395
34090 150
34091 161
34092 226
34093 108
34094 183
34095 154
34096 146
34097 145
34098 154
34099 150
34100 177
34101 145
34102 118
34103 112
34104 308
34105 220
34106 470
34107 220
34108 432
34109 148
34110 374
34111 145
34112 145
34113 297
34114 184
34115 147
34116 184
34117 152
34118 181
34119 112
34120 623
34121 183
34122 109
34123 154
34124 113
34125 133
34126 304
34127 145
34128 296
34129 339
34130 145
34131 277
34132 183
34133 145
34134 432
34135 189
34136 152
34137 306
34138 338
34139 316
34140 241
34141 157
34142 114
34143 605
34144 345
34145 309
34146 165
34147 110
34148 183
34149 337
34150 341
34151 412
34152 147
34153 374
34154 167
34155 154
34156 374
34157 150
34158 220
34159 145
34160 307
34161 197
34162 146
34163 374
34164 220
34165 221
34166 185
34167 109
34168 310
34169 377
34170 399
34171 261
34172 342
34173 229
34174 224
34175 261
34176 375
34177 149
34178 258
34179 220
34180 147
34181 145
34182 371
34183 182
34184 149
34185 144
34186 374
34187 105
34188 220
34189 337
34190 186
34191 339
34192 147
34193 154
34194 146
34195 183
34196 354
34197 338
34198 314
34199 141
34200 109
34201 184
34202 108
34203 221
34204 185
34205 183
34206 304
34207 220
34208 193
34209 147
34210 287
34211 143
34212 220
34213 146
34214 288
34215 149
34216 144
34217 220
34218 109
34219 128
34220 107
34221 100
34222 300
34223 549
34224 147
34225 147
34226 110
34227 179
34228 220
34229 374
34230 141
34231 185
34232 261
34233 145
34234 303
34235 112
34236 147
34237 190
34238 378
34239 115
34240 220
34241 183
34242 262
34243 146
34244 183
34245 355
34246 184
34247 148
34248 147
34249 337
34250 167
34251 162
34252 548
34253 299
34254 183
34255 220
34256 258
34257 145
34258 144
34259 592
34260 189
34261 145
34262 304
34263 142
34264 298
34265 183
34266 149
34267 190
34268 187
34269 474
34270 306
34271 380
34272 147
34273 342
34274 144
34275 179
34276 393
34277 152
34278 183
34279 97
34280 165
34281 374
34282 145
34283 160
34284 161
34285 146
34286 298
34287 183
34288 136
34289 108
34290 357
34291 374
34292 185
34293 119
34294 144
34295 146
34296 374
34297 246
34298 221
34299 338
34300 147
34301 149
34302 183
34303 150
34304 221
34305 145
34306 146
34307 145
34308 186
34309 316
34310 220
34311 148
34312 223
34313 149
34314 185
34315 246
34316 203
34317 299
34318 296
34319 220
34320 398
34321 225
34322 108
34323 387
34324 339
34325 120
34326 152
34327 220
34328 144
34329 158
34330 108
34331 193
34332 145
34333 150
34334 220
34335 108
34336 145
34337 183
34338 146
34339 419
34340 277
34341 143
34342 165
34343 308
34344 299
34345 554
34346 135
34347 149
34348 145
34349 176
34350 146
34351 108
34352 147
34353 160
34354 299
34355 152
34356 147
34357 193
34358 222
34359 161
34360 108
34361 299
34362 110
34363 187
34364 450
34365 147
34366 343
34367 303
34368 145
34369 183
34370 185
34371 150
34372 108
34373 261
34374 182
34375 188
34376 147
34377 189
34378 182
34379 145
34380 121
34381 245
34382 145
34383 113
34384 137
34385 147
34386 314
34387 183
34388 220
34389 256
34390 299
34391 108
34392 109
34393 148
34394 220
34395 143
34396 115
34397 115
34398 300
34399 339
34400 134
34401 221
34402 117
34403 225
34404 123
34405 145
34406 120
34407 149
34408 221
34409 186
34410 295
34411 375
34412 108
34413 145
34414 838
34415 115
34416 184
34417 145
34418 146
34419 356
34420 220
34421 145
34422 192
34423 146
34424 153
34425 196
34426 121
34427 152
34428 148
34429 149
34430 311
34431 153
34432 147
34433 146
34434 146
34435 220
34436 147
34437 316
34438 147
34439 213
34440 183
34441 112
34442 258
34443 183
34444 374
34445 155
34446 129
34447 142
34448 144
34449 323
34450 152
34451 148
34452 374
34453 302
34454 301
34455 259
34456 185
34457 299
34458 191
34459 145
34460 152
34461 147
34462 145
34463 308
34464 156
34465 311
34466 146
34467 299
34468 141
34469 157
34470 186
34471 145
34472 184
34473 367
34474 251
34475 183
34476 154
34477 144
34478 184
34479 183
34480 183
34481 144
34482 116
34483 299
34484 154
34485 335
34486 145
34487 183
34488 220
34489 183
34490 307
34491 147
34492 186
34493 337
34494 189
34495 156
34496 151
34497 531
34498 220
34499 183
34500 180
34501 185
34502 146
34503 338
34504 109
34505 189
34506 374
34507 148
34508 148
34509 221
34510 150
34511 123
34512 142
34513 108
34514 665
34515 220
34516 119
34517 186
34518 219
34519 156
34520 150
34521 145
34522 220
34523 145
34524 146
34525 183
34526 237
34527 358
34528 220
34529 302
34530 345
34531 145
34532 308
34533 545
34534 144
34535 151
34536 145
34537 221
34538 183
34539 220
34540 147
34541 140
34542 183
34543 296
34544 145
34545 198
34546 150
34547 194
34548 148
34549 183
34550 146
34551 145
34552 108
34553 146
34554 379
34555 145
34556 146
34557 150
34558 188
34559 144
34560 146
34561 154
34562 220
34563 470
34564 352
34565 145
34566 148
34567 102
34568 134
34569 145
34570 148
34571 148
34572 145
34573 299
34574 991
34575 108
34576 301
34577 149
34578 220
34579 145
34580 220
34581 302
34582 113
34583 146
34584 108
34585 140
34586 141
34587 336
34588 300
34589 150
34590 108
34591 433
34592 220
34593 146
34594 149
34595 228
34596 339
34597 153
34598 138
34599 192
34600 203
34601 146
34602 220
34603 220
34604 222
34605 148
34606 156
34607 136
34608 144
34609 186
34610 189
34611 296
34612 108
34613 221
34614 221
34615 183
34616 194
34617 313
34618 212
34619 118
34620 230
34621 183
34622 123
34623 183
34624 145
34625 179
34626 298
34627 193
34628 392
34629 145
34630 116
34631 134
34632 154
34633 317
34634 192
34635 183
34636 259
34637 147
34638 258
34639 341
34640 220
34641 185
34642 299
34643 263
34644 532
34645 183
34646 187
34647 144
34648 146
34649 183
34650 222
34651 151
34652 145
34653 145
34654 107
34655 302
34656 150
34657 373
34658 301
34659 144
34660 180
34661 190
34662 105
34663 108
34664 446
34665 565
34666 184
34667 147
34668 165
34669 295
34670 183
34671 190
34672 114
34673 220
34674 856
34675 181
34676 154
34677 260
34678 188
34679 287
34680 220
34681 627
34682 124
34683 220
34684 182
34685 182
34686 147
34687 302
34688 280
34689 374
34690 145
34691 240
34692 146
34693 146
34694 152
34695 174
34696 147
34697 149
34698 152
34699 152
34700 220
34701 151
34702 395
34703 341
34704 106
34705 301
34706 144
34707 88
34708 207
34709 328
34710 152
34711 306
34712 308
34713 220
34714 123
34715 107
34716 163
34717 110
34718 146
34719 146
34720 149
34721 111
34722 145
34723 193
34724 220
34725 145
34726 222
34727 183
34728 192
34729 272
34730 627
34731 260
34732 183
34733 191
34734 325
34735 278
34736 434
34737 227
34738 188
34739 148
34740 107
34741 148
34742 380
34743 304
34744 160
34745 413
34746 147
34747 107
34748 188
34749 497
34750 143
34751 108
34752 145
34753 203
34754 116
34755 109
34756 108
34757 108
34758 144
34759 145
34760 185
34761 243
34762 145
34763 213
34764 144
34765 148
34766 305
34767 171
34768 374
34769 144
34770 186
34771 154
34772 182
34773 397
34774 188
34775 109
34776 337
34777 379
34778 108
34779 159
34780 339
34781 189
34782 148
34783 153
34784 144
34785 374
34786 110
34787 175
34788 340
34789 154
34790 147
34791 221
34792 265
34793 183
34794 147
34795 145
34796 357
34797 149
34798 109
34799 1184
34800 189
34801 147
34802 116
34803 145
34804 1192
34805 338
34806 152
34807 302
34808 449
34809 39
34810 220
34811 220
34812 160
34813 354
34814 299
34815 651
34816 160
34817 150
34818 381
34819 220
34820 305
34821 220
34822 150
34823 188
34824 220
34825 149
34826 203
34827 113
34828 153
34829 258
34830 149
34831 510
34832 377
34833 312
34834 220
34835 145
34836 146
34837 151
34838 220
34839 199
34840 144
34841 220
34842 147
34843 148
34844 244
34845 154
34846 261
34847 147
34848 151
34849 304
34850 145
34851 146
34852 395
34853 183
34854 150
34855 220
34856 294
34857 398
34858 108
34859 147
34860 142
34861 160
34862 354
34863 108
34864 221
34865 193
34866 319
34867 148
34868 258
34869 222
34870 220
34871 220
34872 193
34873 149
34874 220
34875 150
34876 258
34877 229
34878 442
34879 150
34880 225
34881 453
34882 293
34883 377
34884 184
34885 183
34886 305
34887 193
34888 145
34889 109
34890 180
34891 183
34892 626
34893 145
34894 147
34895 258
34896 176
34897 142
34898 184
34899 150
34900 152
34901 133
34902 212
34903 147
34904 183
34905 148
34906 165
34907 203
34908 432
34909 243
34910 140
34911 108
34912 144
34913 223
34914 346
34915 105
34916 220
34917 147
34918 148
34919 153
34920 185
34921 187
34922 432
34923 144
34924 140
34925 104
34926 198
34927 299
34928 397
34929 306
34930 149
34931 220
34932 183
34933 433
34934 108
34935 516
34936 412
34937 299
34938 147
34939 146
34940 149
34941 145
34942 183
34943 152
34944 242
34945 299
34946 183
34947 497
34948 134
34949 492
34950 108
34951 180
34952 141
34953 335
34954 152
34955 135
34956 147
34957 303
34958 335
34959 301
34960 185
34961 412
34962 149
34963 160
34964 146
34965 145
34966 182
34967 110
34968 190
34969 113
34970 146
34971 182
34972 148
34973 518
34974 341
34975 151
34976 220
34977 183
34978 160
34979 184
34980 141
34981 223
34982 152
34983 298
34984 303
34985 139
34986 194
34987 136
34988 337
34989 145
34990 189
34991 221
34992 299
34993 150
34994 155
34995 135
34996 146
34997 227
34998 220
34999 145
