540059d3beb9d17de221b11a61669d6633a79b69762457e37c3996c151d76540
graka_leidet_hart
20000 152
20001 104
20002 151
20003 133
20004 91
20005 151
20006 148
20007 121
20008 153
20009 48
20010 121
20011 83
20012 96
20013 134
20014 139
20015 135
20016 163
20017 140
20018 136
20019 161
20020 126
20021 144
20022 90
20023 125
20024 141
20025 168
20026 128
20027 170
20028 115
20029 105
20030 113
20031 133
20032 142
20033 136
20034 156
20035 112
20036 125
20037 113
20038 52
20039 130
20040 33
20041 126
20042 144
20043 89
20044 141
20045 117
20046 135
20047 153
20048 153
20049 107
20050 117
20051 131
20052 74
20053 131
20054 105
20055 23
20056 89
20057 143
20058 136
20059 104
20060 130
20061 144
20062 87
20063 116
20064 98
20065 172
20066 108
20067 146
20068 100
20069 153
20070 144
20071 125
20072 138
20073 181
20074 151
20075 119
20076 97
20077 40
20078 148
20079 125
20080 154
20081 64
20082 153
20083 139
20084 119
20085 159
20086 125
20087 98
20088 38
20089 130
20090 160
20091 139
20092 53
20093 123
20094 132
20095 149
20096 125
20097 150
20098 82
20099 136
20100 156
20101 120
20102 129
20103 78
20104 129
20105 128
20106 127
20107 67
20108 162
20109 150
20110 126
20111 125
20112 76
20113 129
20114 97
20115 132
20116 91
20117 77
20118 100
20119 135
20120 114
20121 145
20122 116
20123 128
20124 153
20125 136
20126 151
20127 22
20128 137
20129 163
20130 108
20131 106
20132 134
20133 60
20134 76
20135 111
20136 162
20137 118
20138 102
20139 83
20140 138
20141 140
20142 120
20143 129
20144 106
20145 29
20146 143
20147 152
20148 172
20149 77
20150 168
20151 73
20152 93
20153 157
20154 133
20155 139
20156 149
20157 139
20158 164
20159 111
20160 127
20161 137
20162 142
20163 146
20164 135
20165 125
20166 116
20167 154
20168 133
20169 141
20170 118
20171 100
20172 163
20173 137
20174 62
20175 138
20176 31
20177 117
20178 131
20179 47
20180 155
20181 138
20182 37
20183 83
20184 155
20185 43
20186 57
20187 144
20188 108
20189 160
20190 111
20191 143
20192 141
20193 155
20194 108
20195 156
20196 134
20197 115
20198 132
20199 63
20200 117
20201 142
20202 44
20203 110
20204 125
20205 129
20206 129
20207 137
20208 109
20209 98
20210 73
20211 65
20212 169
20213 55
20214 84
20215 175
20216 70
20217 121
20218 128
20219 32
20220 129
20221 143
20222 43
20223 115
20224 47
20225 133
20226 56
20227 166
20228 136
20229 75
20230 124
20231 135
20232 147
20233 122
20234 131
20235 171
20236 103
20237 142
20238 145
20239 99
20240 128
20241 115
20242 107
20243 102
20244 147
20245 152
20246 142
20247 83
20248 151
20249 112
20250 152
20251 124
20252 134
20253 42
20254 46
20255 174
20256 157
20257 129
20258 167
20259 117
20260 118
20261 60
20262 163
20263 147
20264 79
20265 152
20266 101
20267 130
20268 85
20269 132
20270 142
20271 117
20272 135
20273 94
20274 118
20275 100
20276 110
20277 163
20278 153
20279 156
20280 109
20281 151
20282 113
20283 175
20284 148
20285 149
20286 133
20287 103
20288 128
20289 67
20290 31
20291 147
20292 130
20293 124
20294 151
20295 124
20296 148
20297 121
20298 133
20299 145
20300 33
20301 77
20302 153
20303 150
20304 74
20305 117
20306 105
20307 147
20308 139
20309 27
20310 165
20311 119
20312 32
20313 136
20314 151
20315 41
20316 151
20317 156
20318 146
20319 124
20320 33
20321 156
20322 152
20323 45
20324 125
20325 117
20326 106
20327 119
20328 146
20329 121
20330 129
20331 58
20332 138
20333 106
20334 44
20335 130
20336 145
20337 153
20338 61
20339 49
20340 124
20341 49
20342 18
20343 162
20344 35
20345 146
20346 105
20347 54
20348 152
20349 138
20350 139
20351 148
20352 107
20353 147
20354 135
20355 141
20356 50
20357 130
20358 69
20359 114
20360 99
20361 114
20362 95
20363 120
20364 119
20365 103
20366 115
20367 122
20368 111
20369 106
20370 141
20371 140
20372 166
20373 136
20374 139
20375 97
20376 105
20377 29
20378 127
20379 103
20380 111
20381 136
20382 117
20383 140
20384 118
20385 144
20386 41
20387 131
20388 89
20389 94
20390 117
20391 114
20392 90
20393 139
20394 109
20395 126
20396 138
20397 126
20398 122
20399 132
20400 179
20401 112
20402 48
20403 126
20404 97
20405 138
20406 145
20407 130
20408 146
20409 154
20410 134
20411 129
20412 79
20413 117
20414 69
20415 67
20416 109
20417 130
20418 68
20419 132
20420 38
20421 128
20422 109
20423 145
20424 108
20425 118
20426 69
20427 89
20428 150
20429 103
20430 131
20431 63
20432 161
20433 133
20434 141
20435 117
20436 113
20437 142
20438 57
20439 116
20440 138
20441 77
20442 92
20443 90
20444 73
20445 115
20446 140
20447 39
20448 170
20449 14
20450 119
20451 116
20452 103
20453 135
20454 133
20455 144
20456 109
20457 70
20458 142
20459 136
20460 121
20461 127
20462 3
20463 146
20464 128
20465 102
20466 123
20467 61
20468 132
20469 135
20470 159
20471 88
20472 133
20473 60
20474 146
20475 160
20476 157
20477 166
20478 160
20479 146
20480 125
20481 109
20482 128
20483 94
20484 75
20485 131
20486 140
20487 138
20488 129
20489 50
20490 137
20491 90
20492 148
20493 127
20494 13
20495 134
20496 162
20497 141
20498 104
20499 93
20500 132
20501 -1
20502 108
20503 99
20504 55
20505 125
20506 76
20507 124
20508 49
20509 106
20510 130
20511 92
20512 59
20513 118
20514 115
20515 135
20516 56
20517 146
20518 128
20519 159
20520 146
20521 59
20522 162
20523 157
20524 127
20525 126
20526 137
20527 66
20528 80
20529 140
20530 132
20531 153
20532 128
20533 90
20534 41
20535 144
20536 143
20537 148
20538 121
20539 73
20540 42
20541 159
20542 117
20543 115
20544 147
20545 111
20546 168
20547 173
20548 40
20549 70
20550 140
20551 135
20552 114
20553 127
20554 138
20555 156
20556 153
20557 66
20558 121
20559 92
20560 126
20561 122
20562 92
20563 138
20564 58
20565 145
20566 89
20567 129
20568 106
20569 104
20570 117
20571 93
20572 46
20573 74
20574 160
20575 88
20576 172
20577 94
20578 159
20579 125
20580 89
20581 57
20582 165
20583 140
20584 90
20585 125
20586 149
20587 69
20588 59
20589 145
20590 115
20591 134
20592 104
20593 75
20594 123
20595 92
20596 38
20597 122
20598 133
20599 115
20600 145
20601 129
20602 100
20603 154
20604 160
20605 94
20606 9
20607 172
20608 139
20609 190
20610 124
20611 70
20612 114
20613 142
20614 90
20615 88
20616 161
20617 143
20618 116
20619 139
20620 74
20621 121
20622 18
20623 124
20624 134
20625 56
20626 70
20627 126
20628 148
20629 138
20630 45
20631 100
20632 103
20633 46
20634 140
20635 120
20636 159
20637 142
20638 110
20639 114
20640 132
20641 134
20642 148
20643 159
20644 29
20645 164
20646 142
20647 133
20648 54
20649 137
20650 161
20651 148
20652 44
20653 175
20654 70
20655 189
20656 33
20657 151
20658 112
20659 94
20660 171
20661 131
20662 140
20663 148
20664 150
20665 153
20666 155
20667 52
20668 135
20669 117
20670 84
20671 124
20672 102
20673 101
20674 148
20675 39
20676 104
20677 86
20678 134
20679 145
20680 58
20681 112
20682 104
20683 48
20684 153
20685 125
20686 124
20687 118
20688 134
20689 171
20690 75
20691 148
20692 138
20693 69
20694 136
20695 154
20696 140
20697 91
20698 136
20699 123
20700 101
20701 119
20702 90
20703 141
20704 56
20705 102
20706 136
20707 140
20708 58
20709 73
20710 132
20711 126
20712 110
20713 141
20714 142
20715 136
20716 140
20717 87
20718 97
20719 150
20720 144
20721 135
20722 131
20723 141
20724 140
20725 64
20726 171
20727 160
20728 129
20729 121
20730 92
20731 121
20732 115
20733 134
20734 129
20735 128
20736 126
20737 149
20738 133
20739 138
20740 109
20741 60
20742 95
20743 126
20744 27
20745 144
20746 105
20747 149
20748 93
20749 62
20750 161
20751 107
20752 135
20753 123
20754 121
20755 82
20756 102
20757 149
20758 117
20759 97
20760 146
20761 103
20762 130
20763 67
20764 145
20765 140
20766 134
20767 141
20768 149
20769 133
20770 81
20771 142
20772 69
20773 66
20774 106
20775 146
20776 155
20777 65
20778 125
20779 73
20780 148
20781 110
20782 160
20783 122
20784 83
20785 152
20786 109
20787 105
20788 149
20789 149
20790 155
20791 83
20792 124
20793 123
20794 110
20795 39
20796 99
20797 50
20798 124
20799 149
20800 136
20801 89
20802 173
20803 153
20804 150
20805 129
20806 111
20807 128
20808 157
20809 87
20810 119
20811 143
20812 126
20813 158
20814 47
20815 124
20816 89
20817 113
20818 125
20819 130
20820 186
20821 111
20822 144
20823 61
20824 129
20825 107
20826 82
20827 174
20828 142
20829 120
20830 110
20831 119
20832 155
20833 129
20834 95
20835 128
20836 68
20837 138
20838 137
20839 129
20840 53
20841 163
20842 107
20843 65
20844 139
20845 157
20846 146
20847 93
20848 143
20849 91
20850 157
20851 161
20852 95
20853 138
20854 143
20855 170
20856 151
20857 141
20858 166
20859 108
20860 115
20861 141
20862 111
20863 154
20864 119
20865 150
20866 157
20867 118
20868 156
20869 94
20870 123
20871 71
20872 155
20873 92
20874 117
20875 127
20876 132
20877 118
20878 163
20879 153
20880 141
20881 86
20882 79
20883 160
20884 81
20885 144
20886 108
20887 160
20888 92
20889 110
20890 150
20891 69
20892 156
20893 144
20894 154
20895 92
20896 25
20897 120
20898 80
20899 94
20900 48
20901 130
20902 30
20903 101
20904 106
20905 114
20906 108
20907 150
20908 123
20909 161
20910 142
20911 136
20912 158
20913 145
20914 77
20915 98
20916 89
20917 69
20918 131
20919 111
20920 63
20921 58
20922 83
20923 140
20924 129
20925 132
20926 69
20927 120
20928 129
20929 48
20930 102
20931 155
20932 99
20933 130
20934 134
20935 60
20936 144
20937 131
20938 140
20939 146
20940 158
20941 108
20942 116
20943 117
20944 107
20945 162
20946 122
20947 132
20948 151
20949 71
20950 164
20951 148
20952 87
20953 38
20954 158
20955 166
20956 141
20957 62
20958 124
20959 148
20960 34
20961 137
20962 46
20963 36
20964 102
20965 143
20966 168
20967 164
20968 45
20969 5
20970 51
20971 117
20972 120
20973 86
20974 123
20975 120
20976 59
20977 91
20978 142
20979 116
20980 115
20981 46
20982 136
20983 120
20984 70
20985 98
20986 93
20987 33
20988 30
20989 115
20990 143
20991 148
20992 136
20993 131
20994 34
20995 155
20996 49
20997 126
20998 141
20999 163
21000 75
21001 157
21002 31
21003 107
21004 51
21005 158
21006 26
21007 36
21008 107
21009 142
21010 134
21011 132
21012 158
21013 112
21014 41
21015 142
21016 142
21017 129
21018 85
21019 119
21020 109
21021 150
21022 96
21023 138
21024 94
21025 137
21026 129
21027 92
21028 114
21029 142
21030 56
21031 131
21032 110
21033 84
21034 139
21035 155
21036 108
21037 146
21038 66
21039 50
21040 62
21041 144
21042 64
21043 157
21044 121
21045 155
21046 131
21047 64
21048 129
21049 103
21050 108
21051 46
21052 144
21053 89
21054 76
21055 78
21056 142
21057 73
21058 124
21059 151
21060 91
21061 115
21062 157
21063 33
21064 62
21065 123
21066 153
21067 39
21068 112
21069 47
21070 143
21071 138
21072 81
21073 66
21074 69
21075 147
21076 86
21077 114
21078 122
21079 132
21080 142
21081 125
21082 144
21083 143
21084 95
21085 147
21086 119
21087 132
21088 147
21089 106
21090 94
21091 158
21092 81
21093 125
21094 159
21095 83
21096 17
21097 148
21098 66
21099 151
21100 58
21101 155
21102 160
21103 143
21104 111
21105 121
21106 48
21107 118
21108 35
21109 117
21110 92
21111 135
21112 151
21113 128
21114 32
21115 132
21116 145
21117 96
21118 67
21119 115
21120 90
21121 148
21122 98
21123 133
21124 118
21125 93
21126 54
21127 145
21128 164
21129 142
21130 65
21131 78
21132 84
21133 154
21134 144
21135 146
21136 68
21137 141
21138 135
21139 53
21140 154
21141 139
21142 37
21143 137
21144 126
21145 47
21146 86
21147 122
21148 127
21149 92
21150 145
21151 168
21152 126
21153 148
21154 133
21155 99
21156 85
21157 73
21158 159
21159 112
21160 161
21161 22
21162 105
21163 113
21164 154
21165 150
21166 153
21167 77
21168 146
21169 144
21170 151
21171 53
21172 153
21173 125
21174 120
21175 60
21176 147
21177 71
21178 129
21179 112
21180 160
21181 129
21182 129
21183 130
21184 109
21185 120
21186 118
21187 24
21188 137
21189 145
21190 63
21191 122
21192 115
21193 119
21194 87
21195 165
21196 131
21197 89
21198 70
21199 105
21200 116
21201 97
21202 110
21203 134
21204 45
21205 165
21206 99
21207 158
21208 131
21209 118
21210 143
21211 91
21212 105
21213 121
21214 21
21215 49
21216 144
21217 142
21218 128
21219 90
21220 152
21221 110
21222 118
21223 84
21224 53
21225 142
21226 82
21227 123
21228 82
21229 96
21230 83
21231 134
21232 111
21233 121
21234 140
21235 115
21236 140
21237 140
21238 116
21239 85
21240 137
21241 148
21242 121
21243 152
21244 86
21245 22
21246 133
21247 155
21248 105
21249 87
21250 97
21251 115
21252 154
21253 132
21254 125
21255 109
21256 126
21257 155
21258 102
21259 121
21260 104
21261 58
21262 125
21263 51
21264 85
21265 112
21266 146
21267 24
21268 102
21269 151
21270 146
21271 125
21272 122
21273 118
21274 131
21275 148
21276 64
21277 10
21278 133
21279 162
21280 36
21281 166
21282 144
21283 140
21284 157
21285 84
21286 143
21287 59
21288 149
21289 119
21290 146
21291 110
21292 123
21293 146
21294 113
21295 138
21296 147
21297 105
21298 162
21299 64
21300 100
21301 71
21302 147
21303 105
21304 151
21305 76
21306 141
21307 156
21308 149
21309 60
21310 143
21311 104
21312 108
21313 127
21314 67
21315 118
21316 136
21317 136
21318 146
21319 99
21320 137
21321 109
21322 154
21323 103
21324 57
21325 5
21326 156
21327 99
21328 94
21329 122
21330 51
21331 114
21332 154
21333 121
21334 145
21335 139
21336 25
21337 142
21338 112
21339 143
21340 152
21341 35
21342 123
21343 21
21344 93
21345 135
21346 61
21347 89
21348 79
21349 161
21350 105
21351 156
21352 76
21353 101
21354 130
21355 117
21356 121
21357 118
21358 62
21359 96
21360 89
21361 79
21362 62
21363 83
21364 129
21365 137
21366 125
21367 144
21368 103
21369 127
21370 146
21371 50
21372 156
21373 26
21374 101
21375 146
21376 170
21377 128
21378 147
21379 150
21380 148
21381 145
21382 120
21383 110
21384 66
21385 126
21386 32
21387 126
21388 50
21389 104
21390 108
21391 57
21392 134
21393 84
21394 108
21395 125
21396 145
21397 107
21398 72
21399 158
21400 87
21401 122
21402 143
21403 106
21404 134
21405 136
21406 150
21407 153
21408 103
21409 103
21410 140
21411 112
21412 98
21413 132
21414 124
21415 103
21416 136
21417 116
21418 50
21419 146
21420 156
21421 155
21422 155
21423 152
21424 102
21425 73
21426 129
21427 146
21428 154
21429 98
21430 41
21431 109
21432 158
21433 144
21434 130
21435 173
21436 130
21437 177
21438 117
21439 110
21440 118
21441 138
21442 110
21443 147
21444 107
21445 135
21446 134
21447 146
21448 112
21449 87
21450 30
21451 120
21452 129
21453 111
21454 135
21455 80
21456 111
21457 128
21458 152
21459 33
21460 141
21461 138
21462 182
21463 126
21464 122
21465 101
21466 133
21467 22
21468 118
21469 150
21470 159
21471 134
21472 109
21473 148
21474 89
21475 131
21476 88
21477 94
21478 148
21479 107
21480 101
21481 134
21482 159
21483 122
21484 119
21485 128
21486 162
21487 127
21488 147
21489 95
21490 59
21491 146
21492 98
21493 72
21494 139
21495 52
21496 127
21497 129
21498 75
21499 80
21500 145
21501 32
21502 111
21503 127
21504 123
21505 38
21506 134
21507 143
21508 135
21509 145
21510 70
21511 72
21512 36
21513 161
21514 165
21515 124
21516 113
21517 71
21518 153
21519 148
21520 135
21521 171
21522 176
21523 90
21524 86
21525 51
21526 101
21527 128
21528 115
21529 46
21530 113
21531 102
21532 143
21533 67
21534 126
21535 46
21536 59
21537 120
21538 143
21539 113
21540 133
21541 130
21542 119
21543 158
21544 117
21545 166
21546 133
21547 138
21548 95
21549 119
21550 142
21551 126
21552 139
21553 131
21554 134
21555 143
21556 137
21557 121
21558 119
21559 122
21560 132
21561 159
21562 121
21563 139
21564 142
21565 20
21566 30
21567 142
21568 140
21569 146
21570 90
21571 39
21572 103
21573 75
21574 139
21575 127
21576 122
21577 137
21578 137
21579 39
21580 53
21581 40
21582 104
21583 109
21584 114
21585 141
21586 158
21587 142
21588 123
21589 56
21590 37
21591 120
21592 137
21593 135
21594 162
21595 132
21596 144
21597 52
21598 161
21599 135
21600 132
21601 133
21602 79
21603 131
21604 93
21605 147
21606 156
21607 140
21608 111
21609 38
21610 136
21611 146
21612 132
21613 148
21614 146
21615 114
21616 125
21617 111
21618 129
21619 149
21620 142
21621 91
21622 48
21623 71
21624 142
21625 96
21626 151
21627 130
21628 56
21629 114
21630 104
21631 77
21632 143
21633 146
21634 142
21635 55
21636 93
21637 89
21638 87
21639 31
21640 121
21641 117
21642 154
21643 145
21644 86
21645 7
21646 137
21647 153
21648 140
21649 125
21650 131
21651 113
21652 80
21653 129
21654 105
21655 128
21656 142
21657 167
21658 126
21659 126
21660 114
21661 81
21662 89
21663 88
21664 96
21665 120
21666 96
21667 92
21668 125
21669 72
21670 143
21671 103
21672 77
21673 127
21674 57
21675 99
21676 121
21677 149
21678 146
21679 147
21680 104
21681 52
21682 95
21683 103
21684 69
21685 141
21686 91
21687 91
21688 100
21689 107
21690 119
21691 135
21692 151
21693 90
21694 158
21695 147
21696 162
21697 150
21698 136
21699 163
21700 122
21701 128
21702 145
21703 93
21704 147
21705 159
21706 89
21707 139
21708 122
21709 116
21710 150
21711 127
21712 98
21713 122
21714 152
21715 139
21716 109
21717 76
21718 128
21719 122
21720 141
21721 156
21722 159
21723 148
21724 136
21725 106
21726 138
21727 163
21728 139
21729 130
21730 132
21731 122
21732 86
21733 109
21734 71
21735 123
21736 84
21737 97
21738 68
21739 74
21740 139
21741 78
21742 106
21743 48
21744 143
21745 103
21746 156
21747 135
21748 110
21749 84
21750 130
21751 163
21752 78
21753 147
21754 139
21755 152
21756 137
21757 129
21758 134
21759 126
21760 89
21761 119
21762 131
21763 155
21764 90
21765 107
21766 151
21767 116
21768 46
21769 166
21770 126
21771 109
21772 137
21773 136
21774 135
21775 173
21776 123
21777 118
21778 141
21779 139
21780 102
21781 134
21782 131
21783 39
21784 56
21785 150
21786 91
21787 113
21788 157
21789 152
21790 145
21791 166
21792 133
21793 53
21794 77
21795 103
21796 101
21797 129
21798 131
21799 47
21800 70
21801 122
21802 121
21803 141
21804 159
21805 85
21806 128
21807 147
21808 117
21809 94
21810 77
21811 15
21812 133
21813 122
21814 152
21815 136
21816 129
21817 93
21818 149
21819 128
21820 108
21821 52
21822 184
21823 90
21824 162
21825 141
21826 156
21827 120
21828 28
21829 80
21830 44
21831 133
21832 98
21833 175
21834 105
21835 141
21836 158
21837 72
21838 136
21839 94
21840 94
21841 132
21842 113
21843 141
21844 118
21845 68
21846 140
21847 107
21848 52
21849 138
21850 131
21851 133
21852 120
21853 130
21854 157
21855 118
21856 122
21857 27
21858 76
21859 95
21860 165
21861 141
21862 144
21863 141
21864 146
21865 156
21866 150
21867 37
21868 146
21869 119
21870 86
21871 115
21872 61
21873 90
21874 88
21875 98
21876 123
21877 160
21878 127
21879 70
21880 141
21881 130
21882 95
21883 149
21884 151
21885 118
21886 74
21887 87
21888 140
21889 120
21890 60
21891 148
21892 115
21893 99
21894 99
21895 109
21896 139
21897 141
21898 146
21899 117
21900 150
21901 138
21902 83
21903 130
21904 145
21905 116
21906 132
21907 96
21908 50
21909 129
21910 104
21911 86
21912 121
21913 98
21914 124
21915 108
21916 121
21917 85
21918 170
21919 162
21920 80
21921 125
21922 117
21923 38
21924 80
21925 158
21926 109
21927 30
21928 142
21929 110
21930 117
21931 65
21932 135
21933 97
21934 119
21935 129
21936 162
21937 121
21938 107
21939 119
21940 168
21941 141
21942 108
21943 174
21944 105
21945 147
21946 136
21947 107
21948 129
21949 121
21950 144
21951 127
21952 102
21953 80
21954 146
21955 161
21956 95
21957 126
21958 131
21959 126
21960 147
21961 130
21962 152
21963 146
21964 124
21965 95
21966 75
21967 172
21968 140
21969 46
21970 115
21971 137
21972 138
21973 157
21974 143
21975 147
21976 141
21977 141
21978 156
21979 70
21980 133
21981 68
21982 133
21983 63
21984 130
21985 152
21986 67
21987 49
21988 115
21989 159
21990 141
21991 127
21992 107
21993 121
21994 51
21995 153
21996 77
21997 94
21998 150
21999 135
22000 59
22001 157
22002 146
22003 134
22004 162
22005 31
22006 129
22007 130
22008 120
22009 26
22010 115
22011 99
22012 124
22013 136
22014 148
22015 131
22016 128
22017 155
22018 138
22019 77
22020 98
22021 145
22022 157
22023 146
22024 162
22025 57
22026 103
22027 146
22028 95
22029 123
22030 140
22031 141
22032 127
22033 100
22034 145
22035 153
22036 118
22037 50
22038 148
22039 165
22040 141
22041 155
22042 122
22043 50
22044 174
22045 47
22046 129
22047 127
22048 125
22049 138
22050 67
22051 95
22052 55
22053 100
22054 137
22055 133
22056 147
22057 157
22058 94
22059 143
22060 84
22061 83
22062 158
22063 119
22064 160
22065 146
22066 138
22067 31
22068 60
22069 154
22070 159
22071 92
22072 29
22073 142
22074 141
22075 92
22076 151
22077 99
22078 115
22079 158
22080 160
22081 66
22082 158
22083 110
22084 149
22085 135
22086 2
22087 127
22088 107
22089 66
22090 156
22091 140
22092 122
22093 118
22094 133
22095 94
22096 94
22097 154
22098 92
22099 127
22100 146
22101 10
22102 111
22103 141
22104 161
22105 153
22106 143
22107 147
22108 143
22109 138
22110 135
22111 50
22112 127
22113 132
22114 80
22115 159
22116 135
22117 150
22118 79
22119 124
22120 111
22121 141
22122 119
22123 131
22124 127
22125 83
22126 57
22127 31
22128 136
22129 129
22130 83
22131 128
22132 166
22133 152
22134 65
22135 107
22136 147
22137 130
22138 159
22139 133
22140 120
22141 156
22142 152
22143 70
22144 119
22145 177
22146 109
22147 121
22148 175
22149 113
22150 130
22151 73
22152 126
22153 135
22154 151
22155 143
22156 129
22157 62
22158 117
22159 122
22160 131
22161 136
22162 143
22163 134
22164 106
22165 134
22166 64
22167 85
22168 106
22169 75
22170 145
22171 72
22172 115
22173 61
22174 113
22175 144
22176 150
22177 114
22178 153
22179 145
22180 161
22181 140
22182 144
22183 118
22184 139
22185 143
22186 105
22187 113
22188 45
22189 59
22190 139
22191 80
22192 146
22193 134
22194 93
22195 155
22196 81
22197 139
22198 155
22199 110
22200 141
22201 149
22202 146
22203 160
22204 121
22205 161
22206 38
22207 136
22208 135
22209 104
22210 116
22211 129
22212 140
22213 157
22214 136
22215 187
22216 109
22217 148
22218 95
22219 148
22220 41
22221 111
22222 47
22223 134
22224 121
22225 129
22226 140
22227 132
22228 80
22229 123
22230 59
22231 139
22232 121
22233 108
22234 81
22235 120
22236 43
22237 139
22238 139
22239 140
22240 135
22241 130
22242 144
22243 125
22244 103
22245 149
22246 78
22247 120
22248 110
22249 163
22250 87
22251 147
22252 99
22253 117
22254 140
22255 76
22256 17
22257 96
22258 154
22259 95
22260 161
22261 153
22262 152
22263 142
22264 119
22265 56
22266 153
22267 139
22268 102
22269 125
22270 89
22271 118
22272 137
22273 127
22274 143
22275 143
22276 77
22277 84
22278 128
22279 168
22280 66
22281 145
22282 159
22283 131
22284 125
22285 163
22286 121
22287 144
22288 156
22289 112
22290 142
22291 124
22292 131
22293 200
22294 115
22295 151
22296 83
22297 118
22298 94
22299 115
22300 107
22301 132
22302 109
22303 145
22304 120
22305 131
22306 93
22307 136
22308 87
22309 118
22310 107
22311 43
22312 133
22313 67
22314 151
22315 158
22316 52
22317 116
22318 134
22319 74
22320 153
22321 105
22322 135
22323 124
22324 128
22325 118
22326 153
22327 141
22328 170
22329 146
22330 87
22331 153
22332 83
22333 191
22334 109
22335 129
22336 102
22337 86
22338 105
22339 139
22340 95
22341 51
22342 138
22343 112
22344 105
22345 115
22346 154
22347 134
22348 82
22349 58
22350 143
22351 155
22352 152
22353 175
22354 138
22355 117
22356 116
22357 86
22358 172
22359 62
22360 69
22361 103
22362 138
22363 145
22364 142
22365 139
22366 95
22367 126
22368 144
22369 168
22370 136
22371 91
22372 136
22373 116
22374 105
22375 67
22376 139
22377 94
22378 118
22379 142
22380 127
22381 159
22382 160
22383 144
22384 55
22385 146
22386 93
22387 153
22388 133
22389 141
22390 124
22391 121
22392 96
22393 43
22394 115
22395 122
22396 129
22397 50
22398 147
22399 117
22400 136
22401 70
22402 109
22403 60
22404 63
22405 111
22406 116
22407 133
22408 151
22409 146
22410 123
22411 72
22412 141
22413 90
22414 164
22415 56
22416 139
22417 143
22418 82
22419 132
22420 150
22421 127
22422 113
22423 64
22424 96
22425 86
22426 113
22427 150
22428 119
22429 112
22430 69
22431 144
22432 136
22433 73
22434 158
22435 102
22436 145
22437 144
22438 141
22439 55
22440 132
22441 93
22442 151
22443 135
22444 74
22445 137
22446 134
22447 145
22448 131
22449 139
22450 144
22451 98
22452 145
22453 121
22454 138
22455 84
22456 130
22457 146
22458 144
22459 158
22460 136
22461 91
22462 106
22463 145
22464 42
22465 106
22466 142
22467 110
22468 96
22469 108
22470 140
22471 125
22472 101
22473 146
22474 178
22475 136
22476 151
22477 166
22478 159
22479 153
22480 150
22481 108
22482 45
22483 132
22484 48
22485 116
22486 137
22487 128
22488 124
22489 126
22490 89
22491 103
22492 114
22493 128
22494 111
22495 169
22496 139
22497 139
22498 109
22499 102
