c123e4f857d2042052ca5399f4c562fc4a4945a060b4804581f64ac700be2bb8
graka_leidet
20000 154
20001 96
20002 188
20003 131
20004 118
20005 164
20006 153
20007 113
20008 171
20009 57
20010 116
20011 83
20012 98
20013 127
20014 150
20015 142
20016 190
20017 155
20018 128
20019 169
20020 121
20021 161
20022 91
20023 137
20024 136
20025 201
20026 105
20027 187
20028 143
20029 103
20030 110
20031 129
20032 148
20033 124
20034 174
20035 120
20036 118
20037 112
20038 86
20039 152
20040 24
20041 168
20042 138
20043 107
20044 137
20045 152
20046 117
20047 186
20048 163
20049 121
20050 116
20051 135
20052 81
20053 148
20054 113
20055 34
20056 111
20057 136
20058 136
20059 113
20060 133
20061 144
20062 120
20063 129
20064 95
20065 191
20066 116
20067 162
20068 114
20069 168
20070 166
20071 126
20072 130
20073 202
20074 156
20075 138
20076 104
20077 44
20078 137
20079 112
20080 179
20081 80
20082 157
20083 128
20084 129
20085 186
20086 126
20087 98
20088 55
20089 141
20090 189
20091 151
20092 64
20093 167
20094 119
20095 158
20096 122
20097 173
20098 98
20099 117
20100 163
20101 116
20102 132
20103 107
20104 129
20105 124
20106 126
20107 65
20108 170
20109 199
20110 138
20111 123
20112 76
20113 134
20114 100
20115 127
20116 100
20117 88
20118 129
20119 117
20120 111
20121 132
20122 115
20123 138
20124 187
20125 129
20126 175
20127 34
20128 152
20129 192
20130 111
20131 102
20132 136
20133 77
20134 86
20135 109
20136 194
20137 116
20138 134
20139 57
20140 152
20141 133
20142 121
20143 120
20144 152
20145 42
20146 153
20147 159
20148 189
20149 97
20150 191
20151 82
20152 108
20153 151
20154 162
20155 148
20156 194
20157 152
20158 186
20159 125
20160 131
20161 133
20162 155
20163 141
20164 174
20165 107
20166 111
20167 168
20168 133
20169 116
20170 121
20171 97
20172 181
20173 138
20174 63
20175 135
20176 41
20177 123
20178 126
20179 50
20180 184
20181 144
20182 46
20183 104
20184 166
20185 61
20186 69
20187 137
20188 109
20189 160
20190 109
20191 166
20192 163
20193 159
20194 104
20195 158
20196 123
20197 111
20198 138
20199 88
20200 114
20201 149
20202 65
20203 118
20204 120
20205 143
20206 137
20207 135
20208 112
20209 110
20210 126
20211 72
20212 187
20213 59
20214 94
20215 196
20216 79
20217 126
20218 115
20219 40
20220 124
20221 159
20222 50
20223 146
20224 55
20225 127
20226 71
20227 160
20228 161
20229 90
20230 114
20231 127
20232 130
20233 122
20234 131
20235 155
20236 116
20237 144
20238 165
20239 110
20240 135
20241 115
20242 126
20243 146
20244 155
20245 160
20246 150
20247 90
20248 150
20249 123
20250 168
20251 150
20252 139
20253 51
20254 46
20255 195
20256 195
20257 156
20258 201
20259 122
20260 114
20261 73
20262 203
20263 145
20264 93
20265 169
20266 112
20267 129
20268 88
20269 120
20270 145
20271 121
20272 150
20273 91
20274 124
20275 112
20276 114
20277 186
20278 149
20279 168
20280 106
20281 181
20282 118
20283 203
20284 145
20285 142
20286 136
20287 120
20288 109
20289 84
20290 40
20291 157
20292 139
20293 124
20294 154
20295 116
20296 155
20297 117
20298 136
20299 159
20300 23
20301 93
20302 154
20303 160
20304 102
20305 150
20306 108
20307 149
20308 132
20309 53
20310 157
20311 129
20312 53
20313 136
20314 159
20315 50
20316 153
20317 156
20318 148
20319 132
20320 44
20321 160
20322 201
20323 67
20324 147
20325 129
20326 125
20327 112
20328 163
20329 113
20330 132
20331 56
20332 138
20333 108
20334 43
20335 141
20336 153
20337 149
20338 72
20339 46
20340 125
20341 54
20342 37
20343 193
20344 54
20345 142
20346 107
20347 89
20348 145
20349 158
20350 129
20351 153
20352 103
20353 155
20354 134
20355 130
20356 46
20357 129
20358 84
20359 108
20360 83
20361 122
20362 88
20363 123
20364 141
20365 105
20366 109
20367 122
20368 129
20369 118
20370 145
20371 149
20372 202
20373 139
20374 145
20375 101
20376 112
20377 34
20378 111
20379 109
20380 115
20381 129
20382 128
20383 148
20384 98
20385 153
20386 46
20387 150
20388 68
20389 98
20390 120
20391 111
20392 122
20393 140
20394 95
20395 127
20396 135
20397 114
20398 114
20399 131
20400 190
20401 105
20402 51
20403 128
20404 91
20405 149
20406 138
20407 122
20408 174
20409 166
20410 135
20411 131
20412 97
20413 113
20414 69
20415 87
20416 127
20417 130
20418 120
20419 119
20420 49
20421 110
20422 110
20423 158
20424 115
20425 134
20426 134
20427 84
20428 155
20429 116
20430 147
20431 47
20432 174
20433 130
20434 154
20435 173
20436 112
20437 140
20438 65
20439 148
20440 153
20441 90
20442 83
20443 98
20444 88
20445 111
20446 149
20447 60
20448 184
20449 18
20450 122
20451 111
20452 118
20453 147
20454 132
20455 173
20456 110
20457 96
20458 146
20459 140
20460 128
20461 121
20462 13
20463 171
20464 119
20465 113
20466 117
20467 152
20468 127
20469 159
20470 179
20471 94
20472 138
20473 23
20474 157
20475 189
20476 204
20477 197
20478 185
20479 179
20480 128
20481 111
20482 138
20483 102
20484 108
20485 161
20486 182
20487 122
20488 124
20489 56
20490 156
20491 107
20492 181
20493 153
20494 37
20495 140
20496 145
20497 145
20498 122
20499 102
20500 136
20501 23
20502 123
20503 101
20504 61
20505 144
20506 102
20507 111
20508 69
20509 101
20510 124
20511 94
20512 72
20513 121
20514 139
20515 144
20516 83
20517 147
20518 152
20519 148
20520 166
20521 96
20522 166
20523 166
20524 125
20525 123
20526 134
20527 62
20528 88
20529 114
20530 154
20531 191
20532 113
20533 98
20534 53
20535 131
20536 200
20537 158
20538 113
20539 87
20540 57
20541 162
20542 118
20543 119
20544 156
20545 123
20546 185
20547 181
20548 44
20549 86
20550 171
20551 150
20552 125
20553 114
20554 138
20555 184
20556 194
20557 75
20558 170
20559 143
20560 132
20561 140
20562 101
20563 150
20564 86
20565 149
20566 93
20567 132
20568 105
20569 116
20570 136
20571 115
20572 39
20573 76
20574 182
20575 95
20576 179
20577 102
20578 184
20579 140
20580 111
20581 73
20582 205
20583 136
20584 112
20585 125
20586 178
20587 98
20588 73
20589 158
20590 124
20591 150
20592 95
20593 71
20594 167
20595 124
20596 81
20597 115
20598 136
20599 96
20600 150
20601 117
20602 118
20603 168
20604 186
20605 95
20606 28
20607 191
20608 146
20609 199
20610 136
20611 71
20612 114
20613 124
20614 125
20615 107
20616 190
20617 144
20618 141
20619 153
20620 128
20621 145
20622 40
20623 139
20624 147
20625 69
20626 88
20627 118
20628 156
20629 144
20630 106
20631 114
20632 141
20633 49
20634 148
20635 135
20636 162
20637 147
20638 110
20639 127
20640 133
20641 142
20642 162
20643 168
20644 35
20645 165
20646 150
20647 128
20648 89
20649 147
20650 201
20651 126
20652 56
20653 213
20654 91
20655 183
20656 54
20657 147
20658 106
20659 97
20660 188
20661 135
20662 150
20663 142
20664 150
20665 176
20666 160
20667 70
20668 179
20669 111
20670 86
20671 135
20672 106
20673 96
20674 158
20675 27
20676 116
20677 97
20678 141
20679 129
20680 74
20681 100
20682 109
20683 82
20684 180
20685 116
20686 133
20687 114
20688 127
20689 190
20690 75
20691 193
20692 142
20693 77
20694 127
20695 176
20696 157
20697 101
20698 199
20699 116
20700 93
20701 113
20702 90
20703 130
20704 69
20705 116
20706 135
20707 153
20708 68
20709 82
20710 117
20711 127
20712 108
20713 151
20714 147
20715 135
20716 131
20717 98
20718 110
20719 155
20720 162
20721 141
20722 116
20723 133
20724 138
20725 87
20726 176
20727 193
20728 128
20729 114
20730 88
20731 127
20732 127
20733 146
20734 128
20735 125
20736 118
20737 157
20738 142
20739 131
20740 134
20741 70
20742 104
20743 185
20744 36
20745 150
20746 126
20747 159
20748 86
20749 86
20750 175
20751 103
20752 143
20753 130
20754 112
20755 94
20756 104
20757 164
20758 117
20759 107
20760 160
20761 107
20762 149
20763 87
20764 160
20765 144
20766 141
20767 149
20768 161
20769 128
20770 82
20771 136
20772 86
20773 54
20774 113
20775 146
20776 199
20777 69
20778 125
20779 73
20780 170
20781 120
20782 166
20783 144
20784 93
20785 149
20786 100
20787 107
20788 158
20789 155
20790 172
20791 87
20792 122
20793 114
20794 123
20795 73
20796 103
20797 71
20798 121
20799 131
20800 147
20801 90
20802 192
20803 169
20804 159
20805 109
20806 122
20807 129
20808 191
20809 116
20810 129
20811 137
20812 122
20813 160
20814 93
20815 154
20816 104
20817 114
20818 155
20819 138
20820 190
20821 127
20822 144
20823 76
20824 119
20825 120
20826 112
20827 199
20828 146
20829 122
20830 116
20831 136
20832 175
20833 143
20834 97
20835 170
20836 78
20837 153
20838 159
20839 126
20840 89
20841 203
20842 101
20843 67
20844 152
20845 170
20846 155
20847 95
20848 149
20849 104
20850 168
20851 179
20852 98
20853 132
20854 181
20855 177
20856 159
20857 154
20858 177
20859 123
20860 126
20861 128
20862 127
20863 178
20864 122
20865 138
20866 146
20867 130
20868 198
20869 115
20870 121
20871 96
20872 161
20873 102
20874 118
20875 117
20876 141
20877 119
20878 195
20879 153
20880 147
20881 97
20882 84
20883 166
20884 90
20885 147
20886 120
20887 181
20888 84
20889 105
20890 154
20891 84
20892 173
20893 134
20894 144
20895 104
20896 26
20897 120
20898 83
20899 128
20900 63
20901 140
20902 30
20903 113
20904 100
20905 113
20906 125
20907 190
20908 139
20909 181
20910 129
20911 126
20912 158
20913 138
20914 95
20915 99
20916 99
20917 75
20918 126
20919 111
20920 85
20921 71
20922 107
20923 140
20924 126
20925 144
20926 53
20927 117
20928 133
20929 60
20930 108
20931 176
20932 96
20933 111
20934 139
20935 81
20936 149
20937 132
20938 143
20939 159
20940 156
20941 107
20942 152
20943 129
20944 104
20945 190
20946 137
20947 143
20948 169
20949 79
20950 162
20951 152
20952 96
20953 32
20954 166
20955 198
20956 167
20957 79
20958 139
20959 177
20960 57
20961 130
20962 62
20963 39
20964 103
20965 140
20966 175
20967 164
20968 59
20969 17
20970 48
20971 120
20972 126
20973 89
20974 137
20975 120
20976 64
20977 98
20978 157
20979 111
20980 115
20981 40
20982 163
20983 118
20984 78
20985 103
20986 152
20987 43
20988 58
20989 133
20990 140
20991 139
20992 166
20993 137
20994 48
20995 148
20996 71
20997 132
20998 147
20999 188
21000 88
21001 169
21002 47
21003 140
21004 56
21005 175
21006 40
21007 53
21008 122
21009 147
21010 134
21011 135
21012 165
21013 108
21014 51
21015 163
21016 148
21017 131
21018 90
21019 111
21020 127
21021 167
21022 94
21023 143
21024 113
21025 139
21026 139
21027 93
21028 120
21029 151
21030 71
21031 129
21032 108
21033 88
21034 138
21035 157
21036 113
21037 159
21038 65
21039 85
21040 65
21041 142
21042 45
21043 143
21044 159
21045 170
21046 132
21047 65
21048 143
21049 127
21050 122
21051 10
21052 158
21053 108
21054 71
21055 93
21056 146
21057 87
21058 119
21059 150
21060 114
21061 115
21062 169
21063 42
21064 68
21065 127
21066 165
21067 43
21068 115
21069 66
21070 155
21071 141
21072 104
21073 65
21074 78
21075 142
21076 93
21077 105
21078 107
21079 127
21080 135
21081 127
21082 159
21083 156
21084 94
21085 158
21086 115
21087 162
21088 138
21089 109
21090 89
21091 177
21092 92
21093 128
21094 148
21095 88
21096 37
21097 164
21098 81
21099 168
21100 76
21101 213
21102 177
21103 162
21104 101
21105 136
21106 56
21107 118
21108 51
21109 109
21110 102
21111 157
21112 159
21113 116
21114 41
21115 134
21116 154
21117 90
21118 82
21119 128
21120 91
21121 153
21122 113
21123 131
21124 152
21125 88
21126 73
21127 135
21128 201
21129 168
21130 70
21131 84
21132 93
21133 159
21134 139
21135 144
21136 59
21137 155
21138 175
21139 61
21140 168
21141 158
21142 62
21143 141
21144 151
21145 56
21146 102
21147 125
21148 118
21149 97
21150 136
21151 172
21152 155
21153 173
21154 151
21155 104
21156 89
21157 91
21158 200
21159 119
21160 173
21161 36
21162 106
21163 109
21164 183
21165 152
21166 163
21167 116
21168 170
21169 169
21170 163
21171 47
21172 165
21173 140
21174 134
21175 104
21176 150
21177 91
21178 122
21179 130
21180 165
21181 145
21182 124
21183 131
21184 126
21185 150
21186 120
21187 48
21188 129
21189 165
21190 113
21191 161
21192 114
21193 121
21194 89
21195 196
21196 131
21197 96
21198 73
21199 115
21200 117
21201 109
21202 112
21203 148
21204 66
21205 171
21206 119
21207 152
21208 150
21209 129
21210 189
21211 93
21212 99
21213 124
21214 35
21215 77
21216 145
21217 136
21218 126
21219 87
21220 152
21221 120
21222 123
21223 103
21224 62
21225 134
21226 83
21227 123
21228 83
21229 109
21230 86
21231 131
21232 101
21233 120
21234 139
21235 107
21236 150
21237 142
21238 119
21239 81
21240 162
21241 157
21242 125
21243 159
21244 122
21245 16
21246 139
21247 173
21248 143
21249 81
21250 117
21251 118
21252 167
21253 151
21254 148
21255 95
21256 128
21257 147
21258 104
21259 117
21260 105
21261 67
21262 149
21263 62
21264 104
21265 105
21266 147
21267 43
21268 106
21269 153
21270 141
21271 112
21272 126
21273 130
21274 146
21275 170
21276 72
21277 31
21278 136
21279 200
21280 49
21281 194
21282 173
21283 158
21284 151
21285 91
21286 148
21287 -4
21288 156
21289 120
21290 157
21291 112
21292 125
21293 141
21294 91
21295 156
21296 165
21297 129
21298 204
21299 75
21300 108
21301 92
21302 143
21303 117
21304 174
21305 93
21306 134
21307 166
21308 165
21309 71
21310 152
21311 113
21312 105
21313 143
21314 76
21315 131
21316 142
21317 130
21318 129
21319 105
21320 123
21321 110
21322 162
21323 119
21324 62
21325 8
21326 181
21327 117
21328 84
21329 124
21330 70
21331 152
21332 145
21333 119
21334 152
21335 133
21336 39
21337 141
21338 124
21339 134
21340 170
21341 94
21342 125
21343 30
21344 111
21345 145
21346 74
21347 97
21348 97
21349 178
21350 150
21351 181
21352 92
21353 147
21354 134
21355 115
21356 121
21357 139
21358 84
21359 112
21360 113
21361 87
21362 31
21363 97
21364 120
21365 136
21366 124
21367 164
21368 109
21369 153
21370 137
21371 58
21372 204
21373 85
21374 156
21375 151
21376 213
21377 126
21378 155
21379 163
21380 162
21381 160
21382 108
21383 116
21384 90
21385 113
21386 27
21387 122
21388 62
21389 99
21390 111
21391 76
21392 132
21393 104
21394 108
21395 122
21396 150
21397 124
21398 88
21399 193
21400 94
21401 124
21402 169
21403 105
21404 146
21405 144
21406 155
21407 160
21408 112
21409 113
21410 145
21411 103
21412 129
21413 156
21414 130
21415 99
21416 163
21417 128
21418 57
21419 153
21420 175
21421 157
21422 153
21423 188
21424 76
21425 77
21426 138
21427 166
21428 173
21429 94
21430 48
21431 106
21432 179
21433 139
21434 144
21435 182
21436 151
21437 178
21438 114
21439 105
21440 121
21441 152
21442 125
21443 159
21444 113
21445 139
21446 134
21447 149
21448 112
21449 98
21450 47
21451 112
21452 130
21453 134
21454 129
21455 116
21456 121
21457 118
21458 164
21459 6
21460 142
21461 142
21462 193
21463 121
21464 108
21465 104
21466 145
21467 34
21468 123
21469 166
21470 173
21471 142
21472 106
21473 152
21474 118
21475 132
21476 86
21477 103
21478 171
21479 115
21480 89
21481 138
21482 178
21483 122
21484 114
21485 118
21486 197
21487 118
21488 179
21489 98
21490 86
21491 161
21492 101
21493 93
21494 133
21495 57
21496 119
21497 129
21498 69
21499 81
21500 146
21501 49
21502 112
21503 154
21504 179
21505 46
21506 149
21507 147
21508 136
21509 138
21510 87
21511 86
21512 48
21513 169
21514 206
21515 116
21516 118
21517 70
21518 145
21519 160
21520 127
21521 189
21522 214
21523 128
21524 99
21525 63
21526 104
21527 149
21528 117
21529 83
21530 125
21531 107
21532 165
21533 70
21534 117
21535 56
21536 72
21537 117
21538 143
21539 124
21540 123
21541 135
21542 110
21543 158
21544 108
21545 198
21546 128
21547 154
21548 107
21549 119
21550 138
21551 138
21552 139
21553 120
21554 141
21555 142
21556 114
21557 137
21558 117
21559 119
21560 168
21561 182
21562 128
21563 143
21564 160
21565 38
21566 34
21567 149
21568 160
21569 161
21570 91
21571 62
21572 111
21573 95
21574 150
21575 125
21576 118
21577 140
21578 169
21579 62
21580 43
21581 25
21582 100
21583 109
21584 112
21585 152
21586 175
21587 161
21588 130
21589 73
21590 41
21591 122
21592 157
21593 138
21594 178
21595 129
21596 177
21597 62
21598 165
21599 146
21600 135
21601 143
21602 94
21603 150
21604 93
21605 161
21606 153
21607 143
21608 120
21609 38
21610 136
21611 158
21612 147
21613 153
21614 156
21615 120
21616 118
21617 103
21618 121
21619 170
21620 149
21621 104
21622 65
21623 69
21624 139
21625 99
21626 143
21627 137
21628 72
21629 120
21630 128
21631 66
21632 154
21633 182
21634 150
21635 65
21636 124
21637 92
21638 92
21639 39
21640 123
21641 111
21642 150
21643 157
21644 82
21645 25
21646 156
21647 170
21648 150
21649 123
21650 134
21651 107
21652 110
21653 141
21654 111
21655 140
21656 133
21657 176
21658 158
21659 125
21660 146
21661 92
21662 87
21663 80
21664 87
21665 124
21666 114
21667 105
21668 127
21669 86
21670 157
21671 108
21672 93
21673 144
21674 51
21675 92
21676 134
21677 160
21678 147
21679 169
21680 103
21681 66
21682 84
21683 100
21684 49
21685 133
21686 100
21687 125
21688 107
21689 113
21690 107
21691 128
21692 160
21693 96
21694 176
21695 142
21696 163
21697 151
21698 144
21699 153
21700 124
21701 141
21702 141
21703 94
21704 162
21705 174
21706 82
21707 142
21708 137
21709 110
21710 156
21711 160
21712 97
21713 125
21714 145
21715 157
21716 103
21717 80
21718 132
21719 130
21720 131
21721 184
21722 169
21723 153
21724 146
21725 128
21726 141
21727 196
21728 141
21729 138
21730 139
21731 116
21732 106
21733 110
21734 77
21735 119
21736 94
21737 115
21738 71
21739 89
21740 157
21741 79
21742 119
21743 37
21744 130
21745 102
21746 163
21747 137
21748 112
21749 105
21750 109
21751 194
21752 89
21753 144
21754 144
21755 168
21756 143
21757 145
21758 136
21759 150
21760 99
21761 129
21762 142
21763 179
21764 72
21765 98
21766 156
21767 119
21768 64
21769 190
21770 123
21771 104
21772 157
21773 129
21774 132
21775 200
21776 118
21777 121
21778 135
21779 155
21780 100
21781 147
21782 126
21783 55
21784 66
21785 150
21786 140
21787 139
21788 173
21789 150
21790 135
21791 168
21792 124
21793 63
21794 91
21795 103
21796 110
21797 105
21798 129
21799 53
21800 78
21801 116
21802 109
21803 150
21804 186
21805 103
21806 132
21807 183
21808 129
21809 144
21810 102
21811 34
21812 146
21813 124
21814 155
21815 137
21816 135
21817 86
21818 134
21819 134
21820 112
21821 62
21822 182
21823 99
21824 180
21825 170
21826 180
21827 131
21828 38
21829 96
21830 71
21831 138
21832 102
21833 192
21834 113
21835 138
21836 149
21837 92
21838 150
21839 91
21840 94
21841 136
21842 117
21843 144
21844 119
21845 92
21846 145
21847 121
21848 67
21849 154
21850 121
21851 129
21852 124
21853 113
21854 172
21855 133
21856 118
21857 30
21858 102
21859 126
21860 168
21861 138
21862 158
21863 161
21864 138
21865 149
21866 168
21867 63
21868 161
21869 127
21870 88
21871 105
21872 66
21873 120
21874 90
21875 105
21876 127
21877 160
21878 137
21879 80
21880 141
21881 132
21882 105
21883 138
21884 184
21885 128
21886 79
21887 86
21888 166
21889 174
21890 74
21891 146
21892 123
21893 123
21894 109
21895 115
21896 162
21897 153
21898 147
21899 119
21900 174
21901 157
21902 80
21903 114
21904 152
21905 128
21906 159
21907 107
21908 51
21909 129
21910 113
21911 63
21912 117
21913 96
21914 127
21915 111
21916 121
21917 112
21918 172
21919 164
21920 114
21921 115
21922 134
21923 55
21924 89
21925 187
21926 102
21927 65
21928 142
21929 110
21930 162
21931 76
21932 140
21933 102
21934 113
21935 132
21936 178
21937 124
21938 142
21939 107
21940 178
21941 154
21942 104
21943 195
21944 104
21945 170
21946 157
21947 118
21948 128
21949 118
21950 157
21951 184
21952 114
21953 106
21954 135
21955 160
21956 92
21957 140
21958 117
21959 119
21960 162
21961 131
21962 170
21963 155
21964 135
21965 145
21966 95
21967 201
21968 143
21969 56
21970 132
21971 149
21972 148
21973 162
21974 148
21975 159
21976 143
21977 134
21978 159
21979 71
21980 133
21981 95
21982 136
21983 81
21984 118
21985 155
21986 95
21987 72
21988 106
21989 168
21990 135
21991 127
21992 105
21993 121
21994 65
21995 147
21996 89
21997 107
21998 160
21999 132
22000 76
22001 180
22002 157
22003 127
22004 179
22005 42
22006 155
22007 125
22008 119
22009 49
22010 104
22011 110
22012 131
22013 159
22014 130
22015 144
22016 114
22017 180
22018 149
22019 120
22020 111
22021 149
22022 158
22023 157
22024 156
22025 52
22026 114
22027 175
22028 95
22029 116
22030 142
22031 158
22032 136
22033 117
22034 152
22035 171
22036 118
22037 102
22038 156
22039 200
22040 141
22041 165
22042 125
22043 86
22044 193
22045 55
22046 130
22047 124
22048 113
22049 139
22050 89
22051 106
22052 51
22053 102
22054 136
22055 136
22056 168
22057 186
22058 115
22059 149
22060 79
22061 109
22062 145
22063 120
22064 193
22065 160
22066 129
22067 33
22068 77
22069 196
22070 139
22071 83
22072 46
22073 147
22074 144
22075 129
22076 172
22077 112
22078 115
22079 182
22080 153
22081 83
22082 186
22083 111
22084 177
22085 139
22086 26
22087 128
22088 115
22089 80
22090 141
22091 148
22092 116
22093 117
22094 133
22095 111
22096 92
22097 147
22098 79
22099 140
22100 165
22101 50
22102 105
22103 163
22104 192
22105 179
22106 177
22107 142
22108 142
22109 133
22110 192
22111 51
22112 129
22113 137
22114 83
22115 195
22116 122
22117 187
22118 95
22119 125
22120 107
22121 143
22122 108
22123 142
22124 126
22125 93
22126 85
22127 44
22128 133
22129 127
22130 105
22131 121
22132 188
22133 165
22134 68
22135 111
22136 156
22137 125
22138 168
22139 138
22140 116
22141 161
22142 171
22143 35
22144 120
22145 191
22146 113
22147 133
22148 181
22149 114
22150 125
22151 82
22152 127
22153 157
22154 163
22155 142
22156 128
22157 84
22158 109
22159 112
22160 146
22161 121
22162 146
22163 132
22164 106
22165 123
22166 86
22167 67
22168 145
22169 82
22170 135
22171 82
22172 113
22173 72
22174 106
22175 128
22176 167
22177 121
22178 154
22179 139
22180 195
22181 137
22182 146
22183 115
22184 143
22185 130
22186 118
22187 109
22188 63
22189 82
22190 160
22191 103
22192 144
22193 138
22194 93
22195 180
22196 96
22197 133
22198 164
22199 105
22200 152
22201 156
22202 151
22203 162
22204 114
22205 169
22206 22
22207 168
22208 148
22209 176
22210 103
22211 128
22212 137
22213 178
22214 149
22215 192
22216 104
22217 163
22218 138
22219 155
22220 52
22221 116
22222 55
22223 113
22224 126
22225 145
22226 143
22227 154
22228 107
22229 135
22230 70
22231 160
22232 132
22233 103
22234 97
22235 121
22236 28
22237 165
22238 131
22239 150
22240 129
22241 119
22242 152
22243 118
22244 109
22245 150
22246 74
22247 114
22248 115
22249 160
22250 93
22251 136
22252 109
22253 139
22254 153
22255 96
22256 36
22257 83
22258 182
22259 102
22260 185
22261 197
22262 146
22263 152
22264 156
22265 46
22266 151
22267 138
22268 106
22269 129
22270 105
22271 165
22272 129
22273 130
22274 172
22275 160
22276 91
22277 93
22278 115
22279 188
22280 84
22281 146
22282 186
22283 97
22284 109
22285 192
22286 126
22287 132
22288 149
22289 101
22290 157
22291 116
22292 125
22293 196
22294 129
22295 137
22296 99
22297 115
22298 107
22299 122
22300 99
22301 137
22302 113
22303 147
22304 139
22305 132
22306 154
22307 153
22308 105
22309 129
22310 104
22311 46
22312 128
22313 73
22314 181
22315 159
22316 69
22317 124
22318 130
22319 92
22320 177
22321 119
22322 139
22323 119
22324 114
22325 120
22326 171
22327 142
22328 205
22329 142
22330 90
22331 144
22332 85
22333 197
22334 114
22335 139
22336 114
22337 90
22338 106
22339 136
22340 102
22341 60
22342 144
22343 118
22344 106
22345 122
22346 164
22347 135
22348 62
22349 71
22350 163
22351 169
22352 180
22353 172
22354 120
22355 121
22356 105
22357 134
22358 181
22359 71
22360 90
22361 101
22362 154
22363 148
22364 142
22365 135
22366 100
22367 124
22368 156
22369 196
22370 153
22371 100
22372 138
22373 123
22374 166
22375 96
22376 172
22377 110
22378 104
22379 137
22380 125
22381 162
22382 180
22383 137
22384 68
22385 150
22386 104
22387 149
22388 131
22389 135
22390 145
22391 113
22392 107
22393 72
22394 122
22395 126
22396 141
22397 39
22398 141
22399 114
22400 133
22401 75
22402 115
22403 89
22404 88
22405 120
22406 113
22407 163
22408 172
22409 144
22410 101
22411 115
22412 143
22413 84
22414 195
22415 61
22416 151
22417 160
22418 90
22419 126
22420 181
22421 120
22422 118
22423 75
22424 89
22425 111
22426 118
22427 154
22428 117
22429 112
22430 90
22431 181
22432 134
22433 82
22434 176
22435 93
22436 153
22437 149
22438 140
22439 62
22440 163
22441 86
22442 179
22443 146
22444 89
22445 145
22446 125
22447 130
22448 119
22449 150
22450 170
22451 102
22452 153
22453 119
22454 146
22455 91
22456 141
22457 132
22458 140
22459 177
22460 143
22461 106
22462 98
22463 147
22464 43
22465 101
22466 174
22467 118
22468 93
22469 121
22470 157
22471 134
22472 80
22473 128
22474 201
22475 142
22476 154
22477 185
22478 161
22479 156
22480 146
22481 98
22482 59
22483 130
22484 52
22485 121
22486 122
22487 134
22488 126
22489 120
22490 146
22491 96
22492 125
22493 121
22494 116
22495 179
22496 141
22497 133
22498 104
22499 119
